"C","Historical Regulation Offer Data Report"
"C","Filename: hbregulationoffer_20210103.csv"
"C","Report for: 01/03/2021"
"C","Report generated: 11/27/2022 10:50:05 EST"
"H","Day","Hour Ending","Masked Lead Participant ID","Masked Asset ID","Regulation Low Limit","Regulation High Limit","Regulation Status","Automatic Response Rate","Regulation Offer Price","Regulation Service Offer Price","Regulation Capacity Offer Price","Regulation Inter-Temporal Opportunity Cost"
"H","Date","String","Number","Number","MW","MW","String","MW/Minute","$/MW","$/MW","$/MW","$/MW"
"D","01/03/2021","01",126216,16568,170,300,"AVAILABLE",3,,0,10,0
"D","01/03/2021","01",126216,65939,200,525,"AVAILABLE",3,,0,10,0
"D","01/03/2021","01",126216,86401,180,333,"AVAILABLE",3,,0,10,0
"D","01/03/2021","01",191345,95889,-1.5,1.5,"AVAILABLE",115,,0,0,0
"D","01/03/2021","01",196063,23404,47,57,"AVAILABLE",1,,10,6.5,0
"D","01/03/2021","01",205059,26606,-4.9,4.6,"AVAILABLE",375,,0,0,0
"D","01/03/2021","01",206845,29055,285,585,"AVAILABLE",3,,0,30,0
"D","01/03/2021","01",206845,31335,50,100,"AVAILABLE",1,,0,20,0
"D","01/03/2021","01",206845,67677,-16.7,16.2,"AVAILABLE",250,,0,0,0
"D","01/03/2021","01",212494,31662,275,384.5,"AVAILABLE",5.6,,0.05,6.72,0.05
"D","01/03/2021","01",212494,44171,163,270,"AVAILABLE",4,,0.06,6.82,0.06
"D","01/03/2021","01",212494,52323,207,350,"AVAILABLE",7.1,,0.07,6.7,0.07
"D","01/03/2021","01",212494,55388,171,286,"AVAILABLE",4,,0.07,6.77,0.07
"D","01/03/2021","01",212494,78679,275,376,"AVAILABLE",5.6,,0.06,6.75,0.06
"D","01/03/2021","01",212494,80076,217,359,"UNAVAILABLE",5.2,,0.08,6.8,0.08
"D","01/03/2021","01",292445,12097,44,48.5,"UNAVAILABLE",25,,0,0,100
"D","01/03/2021","01",292445,35696,38,47,"UNAVAILABLE",25,,0,0,80
"D","01/03/2021","01",292445,37352,38,47,"UNAVAILABLE",25,,0,0,80
"D","01/03/2021","01",292445,51737,0.5,47,"UNAVAILABLE",25,,0,0,80
"D","01/03/2021","01",292445,52317,38,47,"UNAVAILABLE",25,,0,0,80
"D","01/03/2021","01",292445,52400,20,22,"UNAVAILABLE",25,,0,0,100
"D","01/03/2021","01",292445,56935,44,48.5,"UNAVAILABLE",25,,0,0,100
"D","01/03/2021","01",292445,93720,8,38,"AVAILABLE",25,,0,0,100
"D","01/03/2021","01",292445,96291,44,48,"UNAVAILABLE",25,,0,0,100
"D","01/03/2021","01",295534,64231,360,570,"AVAILABLE",12,,0.19,3.99,0
"D","01/03/2021","01",328723,41406,311,525,"AVAILABLE",20,,0.19,4.99,0
"D","01/03/2021","01",328723,45714,145,260,"AVAILABLE",7,,0.19,3.99,0
"D","01/03/2021","01",328723,56535,168,292,"UNAVAILABLE",11,,0.19,4.99,0
"D","01/03/2021","01",331313,94830,70,80,"AVAILABLE",2,,0,5,0
"D","01/03/2021","01",412080,44623,55,70,"AVAILABLE",5,,0.05,10,0
"D","01/03/2021","01",412080,59383,55,70,"AVAILABLE",5,,0.05,10,0
"D","01/03/2021","01",412080,68657,90,98,"UNAVAILABLE",5,,5,49,0
"D","01/03/2021","01",412080,75042,82,97,"AVAILABLE",5,,0.05,10,0
"D","01/03/2021","01",412080,82179,82,97,"AVAILABLE",5,,0.1,10,0
"D","01/03/2021","01",474440,85953,-1,1,"UNAVAILABLE",10,,0,0,0
"D","01/03/2021","01",504170,11009,540,767,"AVAILABLE",15,,1,5,0
"D","01/03/2021","01",504170,60658,150,550,"AVAILABLE",4,,10,97.69,0
"D","01/03/2021","01",504170,72020,540,767,"AVAILABLE",15,,1,5,0
"D","01/03/2021","01",529988,29235,150,380,"UNAVAILABLE",2.5,,0,99,0
"D","01/03/2021","01",529988,54481,120,200,"UNAVAILABLE",1.5,,0,99,0
"D","01/03/2021","01",529988,54965,50,90,"UNAVAILABLE",1,,0,99,0
"D","01/03/2021","01",529988,96924,45,75,"UNAVAILABLE",1.5,,0,99,0
"D","01/03/2021","01",530232,62643,-20,20,"UNAVAILABLE",100,,0,0,0
"D","01/03/2021","01",547596,55289,45,65,"UNAVAILABLE",3.5,,10,90,10
"D","01/03/2021","01",582462,53298,130,292,"AVAILABLE",30,,10,49.95,49.95
"D","01/03/2021","01",582462,60188,130,292,"AVAILABLE",30,,0.1,5,5
"D","01/03/2021","01",582462,66602,130,292,"AVAILABLE",30,,10,49.95,49.95
"D","01/03/2021","01",582462,83099,130,292,"AVAILABLE",30,,10,49.95,49.95
"D","01/03/2021","01",591975,12297,145,257,"AVAILABLE",8,,0.05,6.25,0.05
"D","01/03/2021","01",591975,20846,206,249,"AVAILABLE",4,,0.01,9,0.01
"D","01/03/2021","01",591975,24780,145,260,"AVAILABLE",8,,0.05,6,0.05
"D","01/03/2021","01",591975,29587,150,236,"AVAILABLE",8,,0.25,8,0.25
"D","01/03/2021","01",591975,36992,145,261,"AVAILABLE",10,,0.01,6.25,0.01
"D","01/03/2021","01",591975,55408,145,261,"AVAILABLE",10,,0.01,6,0.01
"D","01/03/2021","01",591975,56483,205,255,"AVAILABLE",5,,0.05,6,0.05
"D","01/03/2021","01",591975,64475,202,252,"AVAILABLE",8,,0.05,6,0.05
"D","01/03/2021","01",591975,67172,150,240,"AVAILABLE",8,,0.05,8,0.25
"D","01/03/2021","01",591975,79527,155,251,"AVAILABLE",8,,0.01,5.75,0.25
"D","01/03/2021","01",591975,88727,145,258,"AVAILABLE",8,,0.05,6.5,0.05
"D","01/03/2021","01",591975,93164,150,241,"AVAILABLE",8,,0.01,6.25,0.25
"D","01/03/2021","01",595644,34578,406,580,"AVAILABLE",10,,0,7.35,0
"D","01/03/2021","01",698953,16639,7,33,"AVAILABLE",15,,0,0,0
"D","01/03/2021","01",698953,17045,14,25,"UNAVAILABLE",11,,0,0,0
"D","01/03/2021","01",698953,37939,5,26,"UNAVAILABLE",14.7,,0,0,0
"D","01/03/2021","01",698953,52447,5,29,"UNAVAILABLE",11,,0,0,0
"D","01/03/2021","01",698953,59695,5,16,"AVAILABLE",7.5,,0,0,0
"D","01/03/2021","01",698953,66465,5,32,"AVAILABLE",15,,0,0,0
"D","01/03/2021","01",711583,10002,-1,1,"UNAVAILABLE",2,,0,0,0
"D","01/03/2021","01",711583,10004,-1,1,"AVAILABLE",10,,0,0,0
"D","01/03/2021","01",711583,56432,-2,2,"UNAVAILABLE",2,,0,0,0
"D","01/03/2021","01",711583,80285,-2,2,"UNAVAILABLE",2,,0,0,0
"D","01/03/2021","01",711583,86326,-2,2,"UNAVAILABLE",2,,0,0,0
"D","01/03/2021","01",732232,67022,-1.9,1.9,"AVAILABLE",100,,0,0,0
"D","01/03/2021","01",739738,19882,240,502,"UNAVAILABLE",15,,0,0,0
"D","01/03/2021","01",739738,58855,100,150,"UNAVAILABLE",5,,0,5,0
"D","01/03/2021","01",739738,70847,300,380,"AVAILABLE",4,,0,3,0
"D","01/03/2021","01",784897,46049,-1.5,0.5,"UNAVAILABLE",75,,0,0,0
"D","01/03/2021","01",784897,90321,-1.5,1.5,"UNAVAILABLE",250,,0,0,0
"D","01/03/2021","01",872788,21292,218,268,"AVAILABLE",10,,0.5,15,0
"D","01/03/2021","01",872788,37274,110,170,"AVAILABLE",5,,0.5,7,0
"D","01/03/2021","01",872788,72183,110,170,"AVAILABLE",5,,0.3,6,0
"D","01/03/2021","01",872788,76235,218,268,"AVAILABLE",10,,0.5,15,0
"D","01/03/2021","01",872788,92137,110,165,"AVAILABLE",5,,0.6,8,0
"D","01/03/2021","01",878461,54465,145,305,"AVAILABLE",12,,0.3,10,0.3
"D","01/03/2021","01",878461,83798,145,305,"AVAILABLE",12,,0.3,10,0.3
"D","01/03/2021","01",883543,11031,35,45,"UNAVAILABLE",10,,0,0,0
"D","01/03/2021","01",883543,19426,35,45,"UNAVAILABLE",10,,0,0,0
"D","01/03/2021","01",883543,84614,35,45,"UNAVAILABLE",10,,0,0,0
"D","01/03/2021","01",883543,84917,35,45,"UNAVAILABLE",10,,0,0,0
"D","01/03/2021","01",883543,86772,35,45,"UNAVAILABLE",10,,0,0,0
"D","01/03/2021","01",902793,17063,294,314,"AVAILABLE",4,,10,10,0
"D","01/03/2021","01",902793,48591,150,389,"AVAILABLE",3,,0,60,0
"D","01/03/2021","01",902793,63229,100,156,"AVAILABLE",3.5,,0.25,6,0.25
"D","01/03/2021","01",902793,79819,113,172,"AVAILABLE",4,,0.25,9,0.25
"D","01/03/2021","01",931075,64814,130,157,"AVAILABLE",3,,0,15,0
"D","01/03/2021","01",931987,42841,220,295,"AVAILABLE",25,,0.25,0,0
"D","01/03/2021","01",931987,81361,220,295,"UNAVAILABLE",25,,0.25,0,0
"D","01/03/2021","01",958512,60802,150,249,"AVAILABLE",5,,0.75,3,0
"D","01/03/2021","01",958512,77459,387.3,581,"AVAILABLE",19,,0.25,3,0
"D","01/03/2021","02",126216,16568,170,300,"AVAILABLE",3,,0,10,0
"D","01/03/2021","02",126216,65939,200,525,"AVAILABLE",3,,0,10,0
"D","01/03/2021","02",126216,86401,180,333,"AVAILABLE",3,,0,10,0
"D","01/03/2021","02",191345,95889,-1.5,1.5,"AVAILABLE",115,,0,0,0
"D","01/03/2021","02",196063,23404,47,57,"AVAILABLE",1,,10,6.5,0
"D","01/03/2021","02",205059,26606,-5.1,4.8,"AVAILABLE",375,,0,0,0
"D","01/03/2021","02",206845,29055,285,585,"AVAILABLE",3,,0,30,0
"D","01/03/2021","02",206845,31335,50,100,"AVAILABLE",1,,0,20,0
"D","01/03/2021","02",206845,67677,-16.7,16.2,"AVAILABLE",250,,0,0,0
"D","01/03/2021","02",212494,31662,277,386.5,"AVAILABLE",5.6,,0.05,6.72,0.05
"D","01/03/2021","02",212494,44171,163,271,"AVAILABLE",4,,0.06,6.82,0.06
"D","01/03/2021","02",212494,52323,207,350,"AVAILABLE",7.1,,0.07,6.7,0.07
"D","01/03/2021","02",212494,55388,171,287,"AVAILABLE",4,,0.07,6.77,0.07
"D","01/03/2021","02",212494,78679,277,378,"AVAILABLE",5.6,,0.06,6.75,0.06
"D","01/03/2021","02",212494,80076,217,359,"UNAVAILABLE",5.2,,0.08,6.8,0.08
"D","01/03/2021","02",292445,12097,44,48.5,"UNAVAILABLE",25,,0,0,100
"D","01/03/2021","02",292445,35696,38,47,"UNAVAILABLE",25,,0,0,80
"D","01/03/2021","02",292445,37352,38,47,"UNAVAILABLE",25,,0,0,80
"D","01/03/2021","02",292445,51737,0.5,47,"UNAVAILABLE",25,,0,0,80
"D","01/03/2021","02",292445,52317,38,47,"UNAVAILABLE",25,,0,0,80
"D","01/03/2021","02",292445,52400,20,22,"UNAVAILABLE",25,,0,0,100
"D","01/03/2021","02",292445,56935,44,48.5,"UNAVAILABLE",25,,0,0,100
"D","01/03/2021","02",292445,93720,8,38,"AVAILABLE",25,,0,0,100
"D","01/03/2021","02",292445,96291,44,48,"UNAVAILABLE",25,,0,0,100
"D","01/03/2021","02",295534,64231,360,570,"AVAILABLE",12,,0.19,3.99,0
"D","01/03/2021","02",328723,41406,311,525,"AVAILABLE",20,,0.19,4.99,0
"D","01/03/2021","02",328723,45714,145,261,"AVAILABLE",7,,0.19,3.99,0
"D","01/03/2021","02",328723,56535,168,292,"UNAVAILABLE",11,,0.19,4.99,0
"D","01/03/2021","02",331313,94830,70,80,"AVAILABLE",2,,0,5,0
"D","01/03/2021","02",412080,44623,55,70,"AVAILABLE",5,,0.05,10,0
"D","01/03/2021","02",412080,59383,55,70,"AVAILABLE",5,,0.05,10,0
"D","01/03/2021","02",412080,68657,90,98,"UNAVAILABLE",5,,5,49,0
"D","01/03/2021","02",412080,75042,82,97,"AVAILABLE",5,,0.05,10,0
"D","01/03/2021","02",412080,82179,82,97,"AVAILABLE",5,,0.1,10,0
"D","01/03/2021","02",474440,85953,-1,1,"UNAVAILABLE",10,,0,0,0
"D","01/03/2021","02",504170,11009,540,770,"AVAILABLE",15,,1,5,0
"D","01/03/2021","02",504170,60658,150,550,"AVAILABLE",4,,10,97.69,0
"D","01/03/2021","02",504170,72020,540,770,"AVAILABLE",15,,1,5,0
"D","01/03/2021","02",529988,29235,150,380,"UNAVAILABLE",2.5,,0,99,0
"D","01/03/2021","02",529988,54481,120,200,"UNAVAILABLE",1.5,,0,99,0
"D","01/03/2021","02",529988,54965,50,90,"UNAVAILABLE",1,,0,99,0
"D","01/03/2021","02",529988,96924,45,75,"UNAVAILABLE",1.5,,0,99,0
"D","01/03/2021","02",530232,62643,-20,20,"UNAVAILABLE",100,,0,0,0
"D","01/03/2021","02",547596,55289,45,65,"UNAVAILABLE",3.5,,10,90,10
"D","01/03/2021","02",582462,53298,130,292,"AVAILABLE",30,,10,49.95,49.95
"D","01/03/2021","02",582462,60188,130,292,"AVAILABLE",30,,0.1,5,5
"D","01/03/2021","02",582462,66602,130,292,"AVAILABLE",30,,10,49.95,49.95
"D","01/03/2021","02",582462,83099,130,292,"AVAILABLE",30,,10,49.95,49.95
"D","01/03/2021","02",591975,12297,145,257,"AVAILABLE",8,,0.05,6.25,0.05
"D","01/03/2021","02",591975,20846,206,271,"AVAILABLE",4,,0.01,9,0.01
"D","01/03/2021","02",591975,24780,145,261,"AVAILABLE",8,,0.05,6,0.05
"D","01/03/2021","02",591975,29587,150,237,"AVAILABLE",8,,0.25,8,0.25
"D","01/03/2021","02",591975,36992,145,262,"AVAILABLE",10,,0.01,6.25,0.01
"D","01/03/2021","02",591975,55408,145,262,"AVAILABLE",10,,0.01,6,0.01
"D","01/03/2021","02",591975,56483,205,255,"AVAILABLE",5,,0.05,6,0.05
"D","01/03/2021","02",591975,64475,203,253,"AVAILABLE",8,,0.05,6,0.05
"D","01/03/2021","02",591975,67172,150,240,"AVAILABLE",8,,0.05,8,0.25
"D","01/03/2021","02",591975,79527,155,252,"AVAILABLE",8,,0.01,5.75,0.25
"D","01/03/2021","02",591975,88727,145,259,"AVAILABLE",8,,0.05,6.5,0.05
"D","01/03/2021","02",591975,93164,150,242,"AVAILABLE",8,,0.01,6.25,0.25
"D","01/03/2021","02",595644,34578,406,581,"AVAILABLE",10,,0,7.35,0
"D","01/03/2021","02",698953,16639,7,33,"AVAILABLE",15,,0,0,0
"D","01/03/2021","02",698953,17045,14,25,"UNAVAILABLE",11,,0,0,0
"D","01/03/2021","02",698953,37939,5,26,"UNAVAILABLE",14.7,,0,0,0
"D","01/03/2021","02",698953,52447,5,29,"UNAVAILABLE",11,,0,0,0
"D","01/03/2021","02",698953,59695,5,16,"AVAILABLE",7.5,,0,0,0
"D","01/03/2021","02",698953,66465,5,32,"AVAILABLE",15,,0,0,0
"D","01/03/2021","02",711583,10002,-1,1,"UNAVAILABLE",2,,0,0,0
"D","01/03/2021","02",711583,10004,-1,1,"AVAILABLE",10,,0,0,0
"D","01/03/2021","02",711583,56432,-2,2,"UNAVAILABLE",2,,0,0,0
"D","01/03/2021","02",711583,80285,-2,2,"UNAVAILABLE",2,,0,0,0
"D","01/03/2021","02",711583,86326,-2,2,"UNAVAILABLE",2,,0,0,0
"D","01/03/2021","02",732232,67022,-1.9,1.9,"AVAILABLE",100,,0,0,0
"D","01/03/2021","02",739738,19882,240,503.3,"UNAVAILABLE",15,,0,0,0
"D","01/03/2021","02",739738,58855,100,150,"UNAVAILABLE",5,,0,5,0
"D","01/03/2021","02",739738,70847,300,380,"AVAILABLE",4,,0,3,0
"D","01/03/2021","02",784897,46049,-1.5,0.5,"UNAVAILABLE",75,,0,0,0
"D","01/03/2021","02",784897,90321,-1.5,1.5,"UNAVAILABLE",250,,0,0,0
"D","01/03/2021","02",872788,21292,219,269,"AVAILABLE",10,,0.5,15,0
"D","01/03/2021","02",872788,37274,110,170,"AVAILABLE",5,,0.5,7,0
"D","01/03/2021","02",872788,72183,110,170,"AVAILABLE",5,,0.3,6,0
"D","01/03/2021","02",872788,76235,219,269,"AVAILABLE",10,,0.5,15,0
"D","01/03/2021","02",872788,92137,110,165,"AVAILABLE",5,,0.6,8,0
"D","01/03/2021","02",878461,54465,145,305,"AVAILABLE",12,,0.3,10,0.3
"D","01/03/2021","02",878461,83798,145,305,"AVAILABLE",12,,0.3,10,0.3
"D","01/03/2021","02",883543,11031,35,45,"UNAVAILABLE",10,,0,0,0
"D","01/03/2021","02",883543,19426,35,45,"UNAVAILABLE",10,,0,0,0
"D","01/03/2021","02",883543,84614,35,45,"UNAVAILABLE",10,,0,0,0
"D","01/03/2021","02",883543,84917,35,45,"UNAVAILABLE",10,,0,0,0
"D","01/03/2021","02",883543,86772,35,45,"UNAVAILABLE",10,,0,0,0
"D","01/03/2021","02",902793,17063,294,314,"AVAILABLE",4,,10,10,0
"D","01/03/2021","02",902793,48591,150,389,"AVAILABLE",3,,0,60,0
"D","01/03/2021","02",902793,63229,100,156,"AVAILABLE",3.5,,0.25,6,0.25
"D","01/03/2021","02",902793,79819,113,172,"AVAILABLE",4,,0.25,9,0.25
"D","01/03/2021","02",931075,64814,130,157,"AVAILABLE",3,,0,15,0
"D","01/03/2021","02",931987,42841,220,295,"AVAILABLE",25,,0.25,0,0
"D","01/03/2021","02",931987,81361,220,295,"UNAVAILABLE",25,,0.25,0,0
"D","01/03/2021","02",958512,60802,150,250,"AVAILABLE",5,,0.75,3,0
"D","01/03/2021","02",958512,77459,388,582.1,"AVAILABLE",19,,0.25,3,0
"D","01/03/2021","03",126216,16568,170,300,"AVAILABLE",3,,0,10,0
"D","01/03/2021","03",126216,65939,200,525,"AVAILABLE",3,,0,10,0
"D","01/03/2021","03",126216,86401,180,333,"AVAILABLE",3,,0,10,0
"D","01/03/2021","03",191345,95889,-1.5,1.5,"AVAILABLE",115,,0,0,0
"D","01/03/2021","03",196063,23404,47,57,"AVAILABLE",1,,10,6.5,0
"D","01/03/2021","03",205059,26606,-5,4.7,"AVAILABLE",375,,0,0,0
"D","01/03/2021","03",206845,29055,285,585,"AVAILABLE",3,,0,30,0
"D","01/03/2021","03",206845,31335,50,100,"AVAILABLE",1,,0,20,0
"D","01/03/2021","03",206845,67677,-16.7,16.2,"AVAILABLE",250,,0,0,0
"D","01/03/2021","03",212494,31662,278,387.5,"AVAILABLE",5.6,,0.05,6.72,0.05
"D","01/03/2021","03",212494,44171,163,272,"AVAILABLE",4,,0.06,6.82,0.06
"D","01/03/2021","03",212494,52323,207,351,"AVAILABLE",7.1,,0.07,6.7,0.07
"D","01/03/2021","03",212494,55388,171,287,"AVAILABLE",4,,0.07,6.77,0.07
"D","01/03/2021","03",212494,78679,279,379,"AVAILABLE",5.6,,0.06,6.75,0.06
"D","01/03/2021","03",212494,80076,218,360,"UNAVAILABLE",5.2,,0.08,6.8,0.08
"D","01/03/2021","03",292445,12097,44,48.5,"UNAVAILABLE",25,,0,0,100
"D","01/03/2021","03",292445,35696,38,47,"UNAVAILABLE",25,,0,0,80
"D","01/03/2021","03",292445,37352,38,47,"UNAVAILABLE",25,,0,0,80
"D","01/03/2021","03",292445,51737,0.5,47,"UNAVAILABLE",25,,0,0,80
"D","01/03/2021","03",292445,52317,38,47,"UNAVAILABLE",25,,0,0,80
"D","01/03/2021","03",292445,52400,20,22,"UNAVAILABLE",25,,0,0,100
"D","01/03/2021","03",292445,56935,44,48.5,"UNAVAILABLE",25,,0,0,100
"D","01/03/2021","03",292445,93720,8,38,"AVAILABLE",25,,0,0,100
"D","01/03/2021","03",292445,96291,44,48,"UNAVAILABLE",25,,0,0,100
"D","01/03/2021","03",295534,64231,360,571,"AVAILABLE",12,,0.19,3.99,0
"D","01/03/2021","03",328723,41406,311,525,"AVAILABLE",20,,0.19,4.99,0
"D","01/03/2021","03",328723,45714,145,261,"AVAILABLE",7,,0.19,3.99,0
"D","01/03/2021","03",328723,56535,168,292,"UNAVAILABLE",11,,0.19,4.99,0
"D","01/03/2021","03",331313,94830,70,80,"AVAILABLE",2,,0,5,0
"D","01/03/2021","03",412080,44623,55,70,"AVAILABLE",5,,0.05,10,0
"D","01/03/2021","03",412080,59383,55,70,"AVAILABLE",5,,0.05,10,0
"D","01/03/2021","03",412080,68657,90,98,"UNAVAILABLE",5,,5,49,0
"D","01/03/2021","03",412080,75042,82,97,"AVAILABLE",5,,0.05,10,0
"D","01/03/2021","03",412080,82179,82,97,"AVAILABLE",5,,0.1,10,0
"D","01/03/2021","03",474440,85953,-1,1,"UNAVAILABLE",10,,0,0,0
"D","01/03/2021","03",504170,11009,540,770,"AVAILABLE",15,,1,5,0
"D","01/03/2021","03",504170,60658,150,550,"AVAILABLE",4,,10,97.69,0
"D","01/03/2021","03",504170,72020,540,770,"AVAILABLE",15,,1,5,0
"D","01/03/2021","03",529988,29235,150,380,"UNAVAILABLE",2.5,,0,99,0
"D","01/03/2021","03",529988,54481,120,200,"UNAVAILABLE",1.5,,0,99,0
"D","01/03/2021","03",529988,54965,50,90,"UNAVAILABLE",1,,0,99,0
"D","01/03/2021","03",529988,96924,45,75,"UNAVAILABLE",1.5,,0,99,0
"D","01/03/2021","03",530232,62643,-20,20,"UNAVAILABLE",100,,0,0,0
"D","01/03/2021","03",547596,55289,45,65,"UNAVAILABLE",3.5,,10,90,10
"D","01/03/2021","03",582462,53298,130,292,"AVAILABLE",30,,10,49.95,49.95
"D","01/03/2021","03",582462,60188,130,292,"AVAILABLE",30,,0.1,5,5
"D","01/03/2021","03",582462,66602,130,292,"AVAILABLE",30,,10,49.95,49.95
"D","01/03/2021","03",582462,83099,130,292,"AVAILABLE",30,,10,49.95,49.95
"D","01/03/2021","03",591975,12297,145,257,"AVAILABLE",8,,0.05,6.25,0.05
"D","01/03/2021","03",591975,20846,207,273,"AVAILABLE",4,,0.01,9,0.01
"D","01/03/2021","03",591975,24780,145,261,"AVAILABLE",8,,0.05,6,0.05
"D","01/03/2021","03",591975,29587,150,237,"AVAILABLE",8,,0.25,8,0.25
"D","01/03/2021","03",591975,36992,145,262,"AVAILABLE",10,,0.01,6.25,0.01
"D","01/03/2021","03",591975,55408,145,262,"AVAILABLE",10,,0.01,6,0.01
"D","01/03/2021","03",591975,56483,206,256,"AVAILABLE",5,,0.05,6,0.05
"D","01/03/2021","03",591975,64475,203,253,"AVAILABLE",8,,0.05,6,0.05
"D","01/03/2021","03",591975,67172,150,241,"AVAILABLE",8,,0.05,8,0.25
"D","01/03/2021","03",591975,79527,155,252,"AVAILABLE",8,,0.01,5.75,0.25
"D","01/03/2021","03",591975,88727,145,259,"AVAILABLE",8,,0.05,6.5,0.05
"D","01/03/2021","03",591975,93164,150,242,"AVAILABLE",8,,0.01,6.25,0.25
"D","01/03/2021","03",595644,34578,406,580,"AVAILABLE",10,,0,7.35,0
"D","01/03/2021","03",698953,16639,7,33,"AVAILABLE",15,,0,0,0
"D","01/03/2021","03",698953,17045,14,25,"UNAVAILABLE",11,,0,0,0
"D","01/03/2021","03",698953,37939,5,26,"UNAVAILABLE",14.7,,0,0,0
"D","01/03/2021","03",698953,52447,5,29,"UNAVAILABLE",11,,0,0,0
"D","01/03/2021","03",698953,59695,5,16,"AVAILABLE",7.5,,0,0,0
"D","01/03/2021","03",698953,66465,5,32,"AVAILABLE",15,,0,0,0
"D","01/03/2021","03",711583,10002,-1,1,"UNAVAILABLE",2,,0,0,0
"D","01/03/2021","03",711583,10004,-1,1,"AVAILABLE",10,,0,0,0
"D","01/03/2021","03",711583,56432,-2,2,"UNAVAILABLE",2,,0,0,0
"D","01/03/2021","03",711583,80285,-2,2,"UNAVAILABLE",2,,0,0,0
"D","01/03/2021","03",711583,86326,-2,2,"UNAVAILABLE",2,,0,0,0
"D","01/03/2021","03",732232,67022,-1.9,1.9,"AVAILABLE",100,,0,0,0
"D","01/03/2021","03",739738,19882,240,502.7,"UNAVAILABLE",15,,0,0,0
"D","01/03/2021","03",739738,58855,100,150,"UNAVAILABLE",5,,0,5,0
"D","01/03/2021","03",739738,70847,300,380,"AVAILABLE",4,,0,3,0
"D","01/03/2021","03",784897,46049,-1.5,0.5,"UNAVAILABLE",75,,0,0,0
"D","01/03/2021","03",784897,90321,-1.5,1.5,"UNAVAILABLE",250,,0,0,0
"D","01/03/2021","03",872788,21292,220,270,"AVAILABLE",10,,0.5,15,0
"D","01/03/2021","03",872788,37274,110,170,"AVAILABLE",5,,0.5,7,0
"D","01/03/2021","03",872788,72183,110,170,"AVAILABLE",5,,0.3,6,0
"D","01/03/2021","03",872788,76235,220,270,"AVAILABLE",10,,0.5,15,0
"D","01/03/2021","03",872788,92137,110,165,"AVAILABLE",5,,0.6,8,0
"D","01/03/2021","03",878461,54465,145,305,"AVAILABLE",12,,0.3,10,0.3
"D","01/03/2021","03",878461,83798,145,305,"AVAILABLE",12,,0.3,10,0.3
"D","01/03/2021","03",883543,11031,35,45,"UNAVAILABLE",10,,0,0,0
"D","01/03/2021","03",883543,19426,35,45,"UNAVAILABLE",10,,0,0,0
"D","01/03/2021","03",883543,84614,35,45,"UNAVAILABLE",10,,0,0,0
"D","01/03/2021","03",883543,84917,35,45,"UNAVAILABLE",10,,0,0,0
"D","01/03/2021","03",883543,86772,35,45,"UNAVAILABLE",10,,0,0,0
"D","01/03/2021","03",902793,17063,295,315,"AVAILABLE",4,,10,10,0
"D","01/03/2021","03",902793,48591,150,389,"AVAILABLE",3,,0,60,0
"D","01/03/2021","03",902793,63229,100,157,"AVAILABLE",3.5,,0.25,6,0.25
"D","01/03/2021","03",902793,79819,113,172,"AVAILABLE",4,,0.25,9,0.25
"D","01/03/2021","03",931075,64814,130,157,"AVAILABLE",3,,0,15,0
"D","01/03/2021","03",931987,42841,220,295,"AVAILABLE",25,,0.25,0,0
"D","01/03/2021","03",931987,81361,220,295,"UNAVAILABLE",25,,0.25,0,0
"D","01/03/2021","03",958512,60802,150,250,"AVAILABLE",5,,0.75,3,0
"D","01/03/2021","03",958512,77459,388.6,582.1,"AVAILABLE",19,,0.25,3,0
"D","01/03/2021","04",126216,16568,170,300,"AVAILABLE",3,,0,10,0
"D","01/03/2021","04",126216,65939,200,525,"AVAILABLE",3,,0,10,0
"D","01/03/2021","04",126216,86401,180,333,"AVAILABLE",3,,0,10,0
"D","01/03/2021","04",191345,95889,-1.5,1.5,"UNAVAILABLE",999,,0,0,0
"D","01/03/2021","04",196063,23404,47,57,"AVAILABLE",1,,10,6.5,0
"D","01/03/2021","04",205059,26606,-3.3,3.1,"AVAILABLE",375,,0,0,0
"D","01/03/2021","04",206845,29055,285,585,"AVAILABLE",3,,0,30,0
"D","01/03/2021","04",206845,31335,50,100,"AVAILABLE",1,,0,20,0
"D","01/03/2021","04",206845,67677,-16.7,16.2,"AVAILABLE",250,,0,0,0
"D","01/03/2021","04",212494,31662,279,388,"AVAILABLE",5.6,,0.05,6.72,0.05
"D","01/03/2021","04",212494,44171,163,272,"AVAILABLE",4,,0.06,6.82,0.06
"D","01/03/2021","04",212494,52323,209,352,"AVAILABLE",7.1,,0.07,6.7,0.07
"D","01/03/2021","04",212494,55388,171,288,"AVAILABLE",4,,0.07,6.77,0.07
"D","01/03/2021","04",212494,78679,280,380,"AVAILABLE",5.6,,0.06,6.75,0.06
"D","01/03/2021","04",212494,80076,219,361,"UNAVAILABLE",5.2,,0.08,6.8,0.08
"D","01/03/2021","04",292445,12097,44,48.5,"UNAVAILABLE",25,,0,0,100
"D","01/03/2021","04",292445,35696,38,47,"UNAVAILABLE",25,,0,0,80
"D","01/03/2021","04",292445,37352,38,47,"UNAVAILABLE",25,,0,0,80
"D","01/03/2021","04",292445,51737,0.5,47,"UNAVAILABLE",25,,0,0,80
"D","01/03/2021","04",292445,52317,38,47,"UNAVAILABLE",25,,0,0,80
"D","01/03/2021","04",292445,52400,20,22,"UNAVAILABLE",25,,0,0,100
"D","01/03/2021","04",292445,56935,44,48.5,"UNAVAILABLE",25,,0,0,100
"D","01/03/2021","04",292445,93720,8,38,"AVAILABLE",25,,0,0,100
"D","01/03/2021","04",292445,96291,44,48,"UNAVAILABLE",25,,0,0,100
"D","01/03/2021","04",295534,64231,360,571,"AVAILABLE",12,,0.19,3.99,0
"D","01/03/2021","04",328723,41406,311,525,"AVAILABLE",20,,0.19,4.99,0
"D","01/03/2021","04",328723,45714,145,261,"AVAILABLE",7,,0.19,3.99,0
"D","01/03/2021","04",328723,56535,168,292,"UNAVAILABLE",11,,0.19,4.99,0
"D","01/03/2021","04",331313,94830,70,80,"AVAILABLE",2,,0,5,0
"D","01/03/2021","04",412080,44623,55,70,"AVAILABLE",5,,0.05,10,0
"D","01/03/2021","04",412080,59383,55,70,"AVAILABLE",5,,0.05,10,0
"D","01/03/2021","04",412080,68657,90,98,"UNAVAILABLE",5,,5,49,0
"D","01/03/2021","04",412080,75042,82,97,"AVAILABLE",5,,0.05,10,0
"D","01/03/2021","04",412080,82179,82,97,"AVAILABLE",5,,0.1,10,0
"D","01/03/2021","04",474440,85953,-1,1,"UNAVAILABLE",10,,0,0,0
"D","01/03/2021","04",504170,11009,540,770,"AVAILABLE",15,,1,5,0
"D","01/03/2021","04",504170,60658,150,550,"AVAILABLE",4,,10,97.69,0
"D","01/03/2021","04",504170,72020,540,770,"AVAILABLE",15,,1,5,0
"D","01/03/2021","04",529988,29235,150,380,"UNAVAILABLE",2.5,,0,99,0
"D","01/03/2021","04",529988,54481,120,200,"UNAVAILABLE",1.5,,0,99,0
"D","01/03/2021","04",529988,54965,50,90,"UNAVAILABLE",1,,0,99,0
"D","01/03/2021","04",529988,96924,45,75,"UNAVAILABLE",1.5,,0,99,0
"D","01/03/2021","04",530232,62643,-20,20,"UNAVAILABLE",100,,0,0,0
"D","01/03/2021","04",547596,55289,45,65,"UNAVAILABLE",3.5,,10,90,10
"D","01/03/2021","04",582462,53298,130,292,"AVAILABLE",30,,10,49.95,49.95
"D","01/03/2021","04",582462,60188,130,292,"AVAILABLE",30,,0.1,5,5
"D","01/03/2021","04",582462,66602,130,292,"AVAILABLE",30,,10,49.95,49.95
"D","01/03/2021","04",582462,83099,130,292,"AVAILABLE",30,,10,49.95,49.95
"D","01/03/2021","04",591975,12297,145,257,"AVAILABLE",8,,0.05,6.25,0.05
"D","01/03/2021","04",591975,20846,207,273,"AVAILABLE",4,,0.01,9,0.01
"D","01/03/2021","04",591975,24780,145,261,"AVAILABLE",8,,0.05,6,0.05
"D","01/03/2021","04",591975,29587,150,237,"AVAILABLE",8,,0.25,8,0.25
"D","01/03/2021","04",591975,36992,145,262,"AVAILABLE",10,,0.01,6.25,0.01
"D","01/03/2021","04",591975,55408,145,262,"AVAILABLE",10,,0.01,6,0.01
"D","01/03/2021","04",591975,56483,206,256,"AVAILABLE",5,,0.05,6,0.05
"D","01/03/2021","04",591975,64475,203,253,"AVAILABLE",8,,0.05,6,0.05
"D","01/03/2021","04",591975,67172,150,241,"AVAILABLE",8,,0.05,8,0.25
"D","01/03/2021","04",591975,79527,155,253,"AVAILABLE",8,,0.01,5.75,0.25
"D","01/03/2021","04",591975,88727,145,259,"AVAILABLE",8,,0.05,6.5,0.05
"D","01/03/2021","04",591975,93164,150,244,"AVAILABLE",8,,0.01,6.25,0.25
"D","01/03/2021","04",595644,34578,406,580,"AVAILABLE",10,,0,7.35,0
"D","01/03/2021","04",698953,16639,7,33,"AVAILABLE",15,,0,0,0
"D","01/03/2021","04",698953,17045,14,25,"UNAVAILABLE",11,,0,0,0
"D","01/03/2021","04",698953,37939,5,26,"UNAVAILABLE",14.7,,0,0,0
"D","01/03/2021","04",698953,52447,5,29,"UNAVAILABLE",11,,0,0,0
"D","01/03/2021","04",698953,59695,5,16,"AVAILABLE",7.5,,0,0,0
"D","01/03/2021","04",698953,66465,5,32,"AVAILABLE",15,,0,0,0
"D","01/03/2021","04",711583,10002,-1,1,"UNAVAILABLE",2,,0,0,0
"D","01/03/2021","04",711583,10004,-1,1,"AVAILABLE",10,,0,0,0
"D","01/03/2021","04",711583,56432,-2,2,"UNAVAILABLE",2,,0,0,0
"D","01/03/2021","04",711583,80285,-2,2,"UNAVAILABLE",2,,0,0,0
"D","01/03/2021","04",711583,86326,-2,2,"UNAVAILABLE",2,,0,0,0
"D","01/03/2021","04",732232,67022,-1.9,1.9,"AVAILABLE",100,,0,0,0
"D","01/03/2021","04",739738,19882,240,503.3,"UNAVAILABLE",15,,0,0,0
"D","01/03/2021","04",739738,58855,100,150,"UNAVAILABLE",5,,0,5,0
"D","01/03/2021","04",739738,70847,300,380,"AVAILABLE",4,,0,3,0
"D","01/03/2021","04",784897,46049,-1.5,0.5,"UNAVAILABLE",75,,0,0,0
"D","01/03/2021","04",784897,90321,-1.5,1.5,"UNAVAILABLE",250,,0,0,0
"D","01/03/2021","04",872788,21292,220,270,"AVAILABLE",10,,0.5,15,0
"D","01/03/2021","04",872788,37274,110,170,"AVAILABLE",5,,0.5,7,0
"D","01/03/2021","04",872788,72183,110,170,"AVAILABLE",5,,0.3,6,0
"D","01/03/2021","04",872788,76235,220,270,"AVAILABLE",10,,0.5,15,0
"D","01/03/2021","04",872788,92137,110,165,"AVAILABLE",5,,0.6,8,0
"D","01/03/2021","04",878461,54465,145,305,"AVAILABLE",12,,0.3,10,0.3
"D","01/03/2021","04",878461,83798,145,305,"AVAILABLE",12,,0.3,10,0.3
"D","01/03/2021","04",883543,11031,35,45,"UNAVAILABLE",10,,0,0,0
"D","01/03/2021","04",883543,19426,35,45,"UNAVAILABLE",10,,0,0,0
"D","01/03/2021","04",883543,84614,35,45,"UNAVAILABLE",10,,0,0,0
"D","01/03/2021","04",883543,84917,35,45,"UNAVAILABLE",10,,0,0,0
"D","01/03/2021","04",883543,86772,35,45,"UNAVAILABLE",10,,0,0,0
"D","01/03/2021","04",902793,17063,295,315,"AVAILABLE",4,,10,10,0
"D","01/03/2021","04",902793,48591,150,389,"AVAILABLE",3,,0,60,0
"D","01/03/2021","04",902793,63229,100,157,"AVAILABLE",3.5,,0.25,6,0.25
"D","01/03/2021","04",902793,79819,113,172,"AVAILABLE",4,,0.25,9,0.25
"D","01/03/2021","04",931075,64814,130,157,"AVAILABLE",3,,0,15,0
"D","01/03/2021","04",931987,42841,220,295,"AVAILABLE",25,,0.25,0,0
"D","01/03/2021","04",931987,81361,220,295,"UNAVAILABLE",25,,0.25,0,0
"D","01/03/2021","04",958512,60802,150,250,"AVAILABLE",5,,0.75,3,0
"D","01/03/2021","04",958512,77459,388.6,582.7,"AVAILABLE",19,,0.25,3,0
"D","01/03/2021","05",126216,16568,170,300,"AVAILABLE",3,,0,10,0
"D","01/03/2021","05",126216,65939,200,525,"AVAILABLE",3,,0,10,0
"D","01/03/2021","05",126216,86401,180,333,"AVAILABLE",3,,0,10,0
"D","01/03/2021","05",191345,95889,-1.5,1.5,"UNAVAILABLE",999,,0,0,0
"D","01/03/2021","05",196063,23404,47,57,"AVAILABLE",1,,10,6.5,0
"D","01/03/2021","05",205059,26606,-5,5,"UNAVAILABLE",999,,0,0,0
"D","01/03/2021","05",206845,29055,285,585,"AVAILABLE",3,,0,30,0
"D","01/03/2021","05",206845,31335,50,100,"AVAILABLE",1,,0,20,0
"D","01/03/2021","05",206845,67677,-16.7,16.2,"AVAILABLE",250,,0,0,0
"D","01/03/2021","05",212494,31662,282,389,"AVAILABLE",5.6,,0.05,6.72,0.05
"D","01/03/2021","05",212494,44171,163,272,"AVAILABLE",4,,0.06,6.82,0.06
"D","01/03/2021","05",212494,52323,210,354,"AVAILABLE",7.1,,0.07,6.7,0.07
"D","01/03/2021","05",212494,55388,171,288,"AVAILABLE",4,,0.07,6.77,0.07
"D","01/03/2021","05",212494,78679,282,381,"AVAILABLE",5.6,,0.06,6.75,0.06
"D","01/03/2021","05",212494,80076,220,360,"UNAVAILABLE",5.2,,0.08,6.8,0.08
"D","01/03/2021","05",292445,12097,44,48.5,"UNAVAILABLE",25,,0,0,100
"D","01/03/2021","05",292445,35696,38,47,"UNAVAILABLE",25,,0,0,80
"D","01/03/2021","05",292445,37352,38,47,"UNAVAILABLE",25,,0,0,80
"D","01/03/2021","05",292445,51737,0.5,47,"UNAVAILABLE",25,,0,0,80
"D","01/03/2021","05",292445,52317,38,47,"UNAVAILABLE",25,,0,0,80
"D","01/03/2021","05",292445,52400,20,22,"UNAVAILABLE",25,,0,0,100
"D","01/03/2021","05",292445,56935,44,48.5,"UNAVAILABLE",25,,0,0,100
"D","01/03/2021","05",292445,93720,8,38,"AVAILABLE",25,,0,0,100
"D","01/03/2021","05",292445,96291,44,48,"UNAVAILABLE",25,,0,0,100
"D","01/03/2021","05",295534,64231,360,572,"AVAILABLE",12,,0.19,3.99,0
"D","01/03/2021","05",328723,41406,311,525,"AVAILABLE",20,,0.19,4.99,0
"D","01/03/2021","05",328723,45714,145,261,"AVAILABLE",7,,0.19,3.99,0
"D","01/03/2021","05",328723,56535,168,292,"UNAVAILABLE",11,,0.19,4.99,0
"D","01/03/2021","05",331313,94830,70,80,"AVAILABLE",2,,0,5,0
"D","01/03/2021","05",412080,44623,55,70,"AVAILABLE",5,,0.05,10,0
"D","01/03/2021","05",412080,59383,55,70,"AVAILABLE",5,,0.05,10,0
"D","01/03/2021","05",412080,68657,90,98,"UNAVAILABLE",5,,5,49,0
"D","01/03/2021","05",412080,75042,82,97,"AVAILABLE",5,,0.05,10,0
"D","01/03/2021","05",412080,82179,82,97,"AVAILABLE",5,,0.1,10,0
"D","01/03/2021","05",474440,85953,-1,1,"UNAVAILABLE",10,,0,0,0
"D","01/03/2021","05",504170,11009,540,773,"AVAILABLE",15,,1,5,0
"D","01/03/2021","05",504170,60658,150,550,"AVAILABLE",4,,10,97.69,0
"D","01/03/2021","05",504170,72020,540,773,"AVAILABLE",15,,1,5,0
"D","01/03/2021","05",529988,29235,150,380,"UNAVAILABLE",2.5,,0,99,0
"D","01/03/2021","05",529988,54481,120,200,"UNAVAILABLE",1.5,,0,99,0
"D","01/03/2021","05",529988,54965,50,90,"UNAVAILABLE",1,,0,99,0
"D","01/03/2021","05",529988,96924,45,75,"UNAVAILABLE",1.5,,0,99,0
"D","01/03/2021","05",530232,62643,-20,20,"UNAVAILABLE",100,,0,0,0
"D","01/03/2021","05",547596,55289,45,65,"UNAVAILABLE",3.5,,10,90,10
"D","01/03/2021","05",582462,53298,130,292,"AVAILABLE",30,,10,49.95,49.95
"D","01/03/2021","05",582462,60188,130,292,"AVAILABLE",30,,0.1,5,5
"D","01/03/2021","05",582462,66602,130,292,"AVAILABLE",30,,10,49.95,49.95
"D","01/03/2021","05",582462,83099,130,292,"AVAILABLE",30,,10,49.95,49.95
"D","01/03/2021","05",591975,12297,145,258,"AVAILABLE",8,,0.05,6.25,0.05
"D","01/03/2021","05",591975,20846,208,273,"AVAILABLE",4,,0.01,9,0.01
"D","01/03/2021","05",591975,24780,145,261,"AVAILABLE",8,,0.05,6,0.05
"D","01/03/2021","05",591975,29587,150,237,"AVAILABLE",8,,0.25,8,0.25
"D","01/03/2021","05",591975,36992,145,262,"AVAILABLE",10,,0.01,6.25,0.01
"D","01/03/2021","05",591975,55408,145,262,"AVAILABLE",10,,0.01,6,0.01
"D","01/03/2021","05",591975,56483,207,257,"AVAILABLE",5,,0.05,6,0.05
"D","01/03/2021","05",591975,64475,204,254,"AVAILABLE",8,,0.05,6,0.05
"D","01/03/2021","05",591975,67172,150,241,"AVAILABLE",8,,0.05,8,0.25
"D","01/03/2021","05",591975,79527,155,252,"AVAILABLE",8,,0.01,5.75,0.25
"D","01/03/2021","05",591975,88727,145,259,"AVAILABLE",8,,0.05,6.5,0.05
"D","01/03/2021","05",591975,93164,150,244,"AVAILABLE",8,,0.01,6.25,0.25
"D","01/03/2021","05",595644,34578,406,581,"AVAILABLE",10,,0,7.35,0
"D","01/03/2021","05",698953,16639,7,33,"AVAILABLE",15,,0,0,0
"D","01/03/2021","05",698953,17045,14,25,"UNAVAILABLE",11,,0,0,0
"D","01/03/2021","05",698953,37939,5,26,"UNAVAILABLE",14.7,,0,0,0
"D","01/03/2021","05",698953,52447,5,29,"UNAVAILABLE",11,,0,0,0
"D","01/03/2021","05",698953,59695,5,16,"AVAILABLE",7.5,,0,0,0
"D","01/03/2021","05",698953,66465,5,32,"AVAILABLE",15,,0,0,0
"D","01/03/2021","05",711583,10002,-1,1,"UNAVAILABLE",2,,0,0,0
"D","01/03/2021","05",711583,10004,-1,1,"AVAILABLE",10,,0,0,0
"D","01/03/2021","05",711583,56432,-2,2,"UNAVAILABLE",2,,0,0,0
"D","01/03/2021","05",711583,80285,-2,2,"UNAVAILABLE",2,,0,0,0
"D","01/03/2021","05",711583,86326,-2,2,"UNAVAILABLE",2,,0,0,0
"D","01/03/2021","05",732232,67022,-1.9,1.9,"AVAILABLE",100,,0,0,0
"D","01/03/2021","05",739738,19882,240,503.9,"UNAVAILABLE",15,,0,0,0
"D","01/03/2021","05",739738,58855,100,150,"UNAVAILABLE",5,,0,5,0
"D","01/03/2021","05",739738,70847,300,380,"AVAILABLE",4,,0,3,0
"D","01/03/2021","05",784897,46049,-1.5,0.5,"UNAVAILABLE",75,,0,0,0
"D","01/03/2021","05",784897,90321,-1.5,1.5,"UNAVAILABLE",250,,0,0,0
"D","01/03/2021","05",872788,21292,221,271,"AVAILABLE",10,,0.5,15,0
"D","01/03/2021","05",872788,37274,110,170,"AVAILABLE",5,,0.5,7,0
"D","01/03/2021","05",872788,72183,110,170,"AVAILABLE",5,,0.3,6,0
"D","01/03/2021","05",872788,76235,221,271,"AVAILABLE",10,,0.5,15,0
"D","01/03/2021","05",872788,92137,110,165,"AVAILABLE",5,,0.6,8,0
"D","01/03/2021","05",878461,54465,145,305,"AVAILABLE",12,,0.3,10,0.3
"D","01/03/2021","05",878461,83798,145,305,"AVAILABLE",12,,0.3,10,0.3
"D","01/03/2021","05",883543,11031,35,45,"UNAVAILABLE",10,,0,0,0
"D","01/03/2021","05",883543,19426,35,45,"UNAVAILABLE",10,,0,0,0
"D","01/03/2021","05",883543,84614,35,45,"UNAVAILABLE",10,,0,0,0
"D","01/03/2021","05",883543,84917,35,45,"UNAVAILABLE",10,,0,0,0
"D","01/03/2021","05",883543,86772,35,45,"UNAVAILABLE",10,,0,0,0
"D","01/03/2021","05",902793,17063,295,315,"AVAILABLE",4,,10,10,0
"D","01/03/2021","05",902793,48591,150,389,"AVAILABLE",3,,0,60,0
"D","01/03/2021","05",902793,63229,100,157,"AVAILABLE",3.5,,0.25,6,0.25
"D","01/03/2021","05",902793,79819,113,172,"AVAILABLE",4,,0.25,9,0.25
"D","01/03/2021","05",931075,64814,130,157,"AVAILABLE",3,,0,15,0
"D","01/03/2021","05",931987,42841,220,295,"AVAILABLE",25,,0.25,0,0
"D","01/03/2021","05",931987,81361,220,295,"UNAVAILABLE",25,,0.25,0,0
"D","01/03/2021","05",958512,60802,150,250,"AVAILABLE",5,,0.75,3,0
"D","01/03/2021","05",958512,77459,390,582.7,"AVAILABLE",19,,0.25,3,0
"D","01/03/2021","06",126216,16568,170,300,"AVAILABLE",3,,0,10,0
"D","01/03/2021","06",126216,65939,200,525,"AVAILABLE",3,,0,10,0
"D","01/03/2021","06",126216,86401,180,333,"AVAILABLE",3,,0,10,0
"D","01/03/2021","06",191345,95889,-1.5,1.5,"AVAILABLE",115,,0,0,0
"D","01/03/2021","06",196063,23404,47,57,"AVAILABLE",1,,10,6.5,0
"D","01/03/2021","06",205059,26606,-5,4.7,"AVAILABLE",375,,0,0,0
"D","01/03/2021","06",206845,29055,285,585,"AVAILABLE",3,,0,30,0
"D","01/03/2021","06",206845,31335,50,100,"AVAILABLE",1,,0,20,0
"D","01/03/2021","06",206845,67677,-16.7,16.2,"AVAILABLE",250,,0,0,0
"D","01/03/2021","06",212494,31662,282,389.5,"AVAILABLE",5.6,,0.05,6.72,0.05
"D","01/03/2021","06",212494,44171,163,272,"AVAILABLE",4,,0.06,6.82,0.06
"D","01/03/2021","06",212494,52323,210,355,"AVAILABLE",7.1,,0.07,6.7,0.07
"D","01/03/2021","06",212494,55388,171,289,"AVAILABLE",4,,0.07,6.77,0.07
"D","01/03/2021","06",212494,78679,282,382,"AVAILABLE",5.6,,0.06,6.75,0.06
"D","01/03/2021","06",212494,80076,221,361,"UNAVAILABLE",5.2,,0.08,6.8,0.08
"D","01/03/2021","06",292445,12097,44,48.5,"UNAVAILABLE",25,,0,0,100
"D","01/03/2021","06",292445,35696,38,47,"UNAVAILABLE",25,,0,0,80
"D","01/03/2021","06",292445,37352,38,47,"UNAVAILABLE",25,,0,0,80
"D","01/03/2021","06",292445,51737,0.5,47,"UNAVAILABLE",25,,0,0,80
"D","01/03/2021","06",292445,52317,38,47,"UNAVAILABLE",25,,0,0,80
"D","01/03/2021","06",292445,52400,20,22,"UNAVAILABLE",25,,0,0,100
"D","01/03/2021","06",292445,56935,44,48.5,"UNAVAILABLE",25,,0,0,100
"D","01/03/2021","06",292445,93720,8,38,"AVAILABLE",25,,0,0,100
"D","01/03/2021","06",292445,96291,44,48,"UNAVAILABLE",25,,0,0,100
"D","01/03/2021","06",295534,64231,360,574,"AVAILABLE",12,,0.19,3.99,0
"D","01/03/2021","06",328723,41406,311,525,"AVAILABLE",20,,0.19,4.99,0
"D","01/03/2021","06",328723,45714,145,261,"AVAILABLE",7,,0.19,3.99,0
"D","01/03/2021","06",328723,56535,168,292,"UNAVAILABLE",11,,0.19,4.99,0
"D","01/03/2021","06",331313,94830,70,80,"AVAILABLE",2,,0,5,0
"D","01/03/2021","06",412080,44623,55,70,"AVAILABLE",5,,0.05,10,0
"D","01/03/2021","06",412080,59383,55,70,"AVAILABLE",5,,0.05,10,0
"D","01/03/2021","06",412080,68657,90,98,"UNAVAILABLE",5,,5,49,0
"D","01/03/2021","06",412080,75042,82,97,"AVAILABLE",5,,0.05,10,0
"D","01/03/2021","06",412080,82179,82,97,"AVAILABLE",5,,0.1,10,0
"D","01/03/2021","06",474440,85953,-1,1,"UNAVAILABLE",10,,0,0,0
"D","01/03/2021","06",504170,11009,540,775,"AVAILABLE",15,,1,5,0
"D","01/03/2021","06",504170,60658,150,550,"AVAILABLE",4,,10,97.69,0
"D","01/03/2021","06",504170,72020,540,775,"AVAILABLE",15,,1,5,0
"D","01/03/2021","06",529988,29235,150,380,"UNAVAILABLE",2.5,,0,99,0
"D","01/03/2021","06",529988,54481,120,200,"UNAVAILABLE",1.5,,0,99,0
"D","01/03/2021","06",529988,54965,50,90,"UNAVAILABLE",1,,0,99,0
"D","01/03/2021","06",529988,96924,45,75,"UNAVAILABLE",1.5,,0,99,0
"D","01/03/2021","06",530232,62643,-20,20,"UNAVAILABLE",100,,0,0,0
"D","01/03/2021","06",547596,55289,45,65,"UNAVAILABLE",3.5,,10,90,10
"D","01/03/2021","06",582462,53298,130,292,"AVAILABLE",30,,10,49.95,49.95
"D","01/03/2021","06",582462,60188,130,292,"AVAILABLE",30,,0.1,5,5
"D","01/03/2021","06",582462,66602,130,292,"AVAILABLE",30,,10,49.95,49.95
"D","01/03/2021","06",582462,83099,130,292,"AVAILABLE",30,,10,49.95,49.95
"D","01/03/2021","06",591975,12297,145,258,"AVAILABLE",8,,0.05,6.25,0.05
"D","01/03/2021","06",591975,20846,208,274,"AVAILABLE",4,,0.01,9,0.01
"D","01/03/2021","06",591975,24780,145,262,"AVAILABLE",8,,0.05,6,0.05
"D","01/03/2021","06",591975,29587,150,238,"AVAILABLE",8,,0.25,8,0.25
"D","01/03/2021","06",591975,36992,145,263,"AVAILABLE",10,,0.01,6.25,0.01
"D","01/03/2021","06",591975,55408,145,263,"AVAILABLE",10,,0.01,6,0.01
"D","01/03/2021","06",591975,56483,207,257,"AVAILABLE",5,,0.05,6,0.05
"D","01/03/2021","06",591975,64475,204,254,"AVAILABLE",8,,0.05,6,0.05
"D","01/03/2021","06",591975,67172,150,242,"AVAILABLE",8,,0.05,8,0.25
"D","01/03/2021","06",591975,79527,155,252,"AVAILABLE",8,,0.01,5.75,0.25
"D","01/03/2021","06",591975,88727,145,260,"AVAILABLE",8,,0.05,6.5,0.05
"D","01/03/2021","06",591975,93164,150,244,"AVAILABLE",8,,0.01,6.25,0.25
"D","01/03/2021","06",595644,34578,406,580,"AVAILABLE",10,,0,7.35,0
"D","01/03/2021","06",698953,16639,7,33,"AVAILABLE",15,,0,0,0
"D","01/03/2021","06",698953,17045,14,25,"UNAVAILABLE",11,,0,0,0
"D","01/03/2021","06",698953,37939,5,26,"UNAVAILABLE",14.7,,0,0,0
"D","01/03/2021","06",698953,52447,5,29,"UNAVAILABLE",11,,0,0,0
"D","01/03/2021","06",698953,59695,5,16,"AVAILABLE",7.5,,0,0,0
"D","01/03/2021","06",698953,66465,5,32,"AVAILABLE",15,,0,0,0
"D","01/03/2021","06",711583,10002,-1,1,"UNAVAILABLE",2,,0,0,0
"D","01/03/2021","06",711583,10004,-1,1,"AVAILABLE",10,,0,0,0
"D","01/03/2021","06",711583,56432,-2,2,"UNAVAILABLE",2,,0,0,0
"D","01/03/2021","06",711583,80285,-2,2,"UNAVAILABLE",2,,0,0,0
"D","01/03/2021","06",711583,86326,-2,2,"UNAVAILABLE",2,,0,0,0
"D","01/03/2021","06",732232,67022,-1.9,1.9,"AVAILABLE",100,,0,0,0
"D","01/03/2021","06",739738,19882,240,503.9,"UNAVAILABLE",15,,0,0,0
"D","01/03/2021","06",739738,58855,100,150,"UNAVAILABLE",5,,0,5,0
"D","01/03/2021","06",739738,70847,300,380,"AVAILABLE",4,,0,3,0
"D","01/03/2021","06",784897,46049,-1.5,0.5,"UNAVAILABLE",75,,0,0,0
"D","01/03/2021","06",784897,90321,-1.5,1.5,"UNAVAILABLE",250,,0,0,0
"D","01/03/2021","06",872788,21292,221,271,"AVAILABLE",10,,0.5,15,0
"D","01/03/2021","06",872788,37274,110,170,"AVAILABLE",5,,0.5,7,0
"D","01/03/2021","06",872788,72183,110,170,"AVAILABLE",5,,0.3,6,0
"D","01/03/2021","06",872788,76235,221,271,"AVAILABLE",10,,0.5,15,0
"D","01/03/2021","06",872788,92137,110,165,"AVAILABLE",5,,0.6,8,0
"D","01/03/2021","06",878461,54465,145,305,"AVAILABLE",12,,0.3,10,0.3
"D","01/03/2021","06",878461,83798,145,305,"AVAILABLE",12,,0.3,10,0.3
"D","01/03/2021","06",883543,11031,35,45,"UNAVAILABLE",10,,0,0,0
"D","01/03/2021","06",883543,19426,35,45,"UNAVAILABLE",10,,0,0,0
"D","01/03/2021","06",883543,84614,35,45,"UNAVAILABLE",10,,0,0,0
"D","01/03/2021","06",883543,84917,35,45,"UNAVAILABLE",10,,0,0,0
"D","01/03/2021","06",883543,86772,35,45,"UNAVAILABLE",10,,0,0,0
"D","01/03/2021","06",902793,17063,295,315,"AVAILABLE",4,,10,10,0
"D","01/03/2021","06",902793,48591,150,389,"AVAILABLE",3,,0,60,0
"D","01/03/2021","06",902793,63229,100,157,"AVAILABLE",3.5,,0.25,6,0.25
"D","01/03/2021","06",902793,79819,113,172,"AVAILABLE",4,,0.25,9,0.25
"D","01/03/2021","06",931075,64814,130,157,"AVAILABLE",3,,0,15,0
"D","01/03/2021","06",931987,42841,220,295,"AVAILABLE",25,,0.25,0,0
"D","01/03/2021","06",931987,81361,220,295,"UNAVAILABLE",25,,0.25,0,0
"D","01/03/2021","06",958512,60802,150,251,"AVAILABLE",5,,0.75,3,0
"D","01/03/2021","06",958512,77459,390.7,582.8,"AVAILABLE",19,,0.25,3,0
"D","01/03/2021","07",126216,16568,170,300,"AVAILABLE",3,,0,10,0
"D","01/03/2021","07",126216,65939,200,525,"AVAILABLE",3,,0,10,0
"D","01/03/2021","07",126216,86401,180,333,"AVAILABLE",3,,0,10,0
"D","01/03/2021","07",191345,95889,-1.5,1.5,"AVAILABLE",115,,0,0,0
"D","01/03/2021","07",196063,23404,47,57,"AVAILABLE",1,,10,6.5,0
"D","01/03/2021","07",205059,26606,-5,4.7,"AVAILABLE",375,,0,0,0
"D","01/03/2021","07",206845,29055,285,585,"AVAILABLE",3,,0,30,0
"D","01/03/2021","07",206845,31335,50,100,"AVAILABLE",1,,0,20,0
"D","01/03/2021","07",206845,67677,-16.7,16.2,"AVAILABLE",250,,0,0,0
"D","01/03/2021","07",212494,31662,283,389.5,"AVAILABLE",5.6,,0.05,6.72,0.05
"D","01/03/2021","07",212494,44171,163,273,"AVAILABLE",4,,0.06,6.82,0.06
"D","01/03/2021","07",212494,52323,211,355,"AVAILABLE",7.1,,0.07,6.7,0.07
"D","01/03/2021","07",212494,55388,172,288,"AVAILABLE",4,,0.07,6.77,0.07
"D","01/03/2021","07",212494,78679,283,382,"AVAILABLE",5.6,,0.06,6.75,0.06
"D","01/03/2021","07",212494,80076,221,361,"UNAVAILABLE",5.2,,0.08,6.8,0.08
"D","01/03/2021","07",292445,12097,44,48.5,"UNAVAILABLE",25,,0,0,100
"D","01/03/2021","07",292445,35696,38,47,"UNAVAILABLE",25,,0,0,80
"D","01/03/2021","07",292445,37352,38,47,"UNAVAILABLE",25,,0,0,80
"D","01/03/2021","07",292445,51737,0.5,47,"UNAVAILABLE",25,,0,0,80
"D","01/03/2021","07",292445,52317,38,47,"UNAVAILABLE",25,,0,0,80
"D","01/03/2021","07",292445,52400,20,22,"UNAVAILABLE",25,,0,0,100
"D","01/03/2021","07",292445,56935,44,48.5,"UNAVAILABLE",25,,0,0,100
"D","01/03/2021","07",292445,93720,8,38,"AVAILABLE",25,,0,0,100
"D","01/03/2021","07",292445,96291,44,48,"UNAVAILABLE",25,,0,0,100
"D","01/03/2021","07",295534,64231,360,575,"AVAILABLE",12,,0.19,3.99,0
"D","01/03/2021","07",328723,41406,311,515,"AVAILABLE",20,,0.19,4.99,0
"D","01/03/2021","07",328723,45714,145,261,"AVAILABLE",7,,0.19,3.99,0
"D","01/03/2021","07",328723,56535,168,292,"UNAVAILABLE",11,,0.19,4.99,0
"D","01/03/2021","07",331313,94830,70,80,"AVAILABLE",2,,0,5,0
"D","01/03/2021","07",412080,44623,55,70,"AVAILABLE",5,,0.05,10,0
"D","01/03/2021","07",412080,59383,55,70,"AVAILABLE",5,,0.05,10,0
"D","01/03/2021","07",412080,68657,90,98,"UNAVAILABLE",5,,5,49,0
"D","01/03/2021","07",412080,75042,82,97,"AVAILABLE",5,,0.05,10,0
"D","01/03/2021","07",412080,82179,82,97,"AVAILABLE",5,,0.1,10,0
"D","01/03/2021","07",474440,85953,-1,1,"UNAVAILABLE",10,,0,0,0
"D","01/03/2021","07",504170,11009,540,773,"AVAILABLE",15,,1,5,0
"D","01/03/2021","07",504170,60658,150,550,"AVAILABLE",4,,10,97.69,0
"D","01/03/2021","07",504170,72020,540,773,"AVAILABLE",15,,1,5,0
"D","01/03/2021","07",529988,29235,150,380,"UNAVAILABLE",2.5,,0,99,0
"D","01/03/2021","07",529988,54481,120,200,"UNAVAILABLE",1.5,,0,99,0
"D","01/03/2021","07",529988,54965,50,90,"UNAVAILABLE",1,,0,99,0
"D","01/03/2021","07",529988,96924,45,75,"UNAVAILABLE",1.5,,0,99,0
"D","01/03/2021","07",530232,62643,-20,20,"UNAVAILABLE",100,,0,0,0
"D","01/03/2021","07",547596,55289,45,65,"UNAVAILABLE",3.5,,10,90,10
"D","01/03/2021","07",582462,53298,130,292,"AVAILABLE",30,,10,49.95,49.95
"D","01/03/2021","07",582462,60188,130,292,"AVAILABLE",30,,0.1,5,5
"D","01/03/2021","07",582462,66602,130,292,"AVAILABLE",30,,10,49.95,49.95
"D","01/03/2021","07",582462,83099,130,292,"AVAILABLE",30,,10,49.95,49.95
"D","01/03/2021","07",591975,12297,145,258,"AVAILABLE",8,,0.05,6.25,0.05
"D","01/03/2021","07",591975,20846,208,274,"AVAILABLE",4,,0.01,9,0.01
"D","01/03/2021","07",591975,24780,145,262,"AVAILABLE",8,,0.05,6,0.05
"D","01/03/2021","07",591975,29587,150,238,"AVAILABLE",8,,0.25,8,0.25
"D","01/03/2021","07",591975,36992,145,263,"AVAILABLE",10,,0.01,6.25,0.01
"D","01/03/2021","07",591975,55408,145,263,"AVAILABLE",10,,0.01,6,0.01
"D","01/03/2021","07",591975,56483,207,257,"AVAILABLE",5,,0.05,6,0.05
"D","01/03/2021","07",591975,64475,204,254,"AVAILABLE",8,,0.05,6,0.05
"D","01/03/2021","07",591975,67172,150,242,"AVAILABLE",8,,0.05,8,0.25
"D","01/03/2021","07",591975,79527,155,252,"AVAILABLE",8,,0.01,5.75,0.25
"D","01/03/2021","07",591975,88727,145,260,"AVAILABLE",8,,0.05,6.5,0.05
"D","01/03/2021","07",591975,93164,150,244,"AVAILABLE",8,,0.01,6.25,0.25
"D","01/03/2021","07",595644,34578,406,580,"AVAILABLE",10,,0,7.35,0
"D","01/03/2021","07",698953,16639,7,33,"AVAILABLE",15,,0,0,0
"D","01/03/2021","07",698953,17045,14,25,"UNAVAILABLE",11,,0,0,0
"D","01/03/2021","07",698953,37939,5,26,"UNAVAILABLE",14.7,,0,0,0
"D","01/03/2021","07",698953,52447,5,29,"UNAVAILABLE",11,,0,0,0
"D","01/03/2021","07",698953,59695,5,16,"AVAILABLE",7.5,,0,0,0
"D","01/03/2021","07",698953,66465,5,32,"AVAILABLE",15,,0,0,0
"D","01/03/2021","07",711583,10002,-1,1,"UNAVAILABLE",2,,0,0,0
"D","01/03/2021","07",711583,10004,-1,1,"AVAILABLE",10,,0,0,0
"D","01/03/2021","07",711583,56432,-2,2,"UNAVAILABLE",2,,0,0,0
"D","01/03/2021","07",711583,80285,-2,2,"UNAVAILABLE",2,,0,0,0
"D","01/03/2021","07",711583,86326,-2,2,"UNAVAILABLE",2,,0,0,0
"D","01/03/2021","07",732232,67022,-1.9,1.9,"AVAILABLE",100,,0,0,0
"D","01/03/2021","07",739738,19882,240,503.9,"UNAVAILABLE",15,,0,0,0
"D","01/03/2021","07",739738,58855,100,150,"UNAVAILABLE",5,,0,5,0
"D","01/03/2021","07",739738,70847,300,380,"AVAILABLE",4,,0,3,0
"D","01/03/2021","07",784897,46049,-1.5,0.5,"UNAVAILABLE",75,,0,0,0
"D","01/03/2021","07",784897,90321,-1.5,1.5,"UNAVAILABLE",250,,0,0,0
"D","01/03/2021","07",872788,21292,221,271,"AVAILABLE",10,,0.5,15,0
"D","01/03/2021","07",872788,37274,110,170,"AVAILABLE",5,,0.5,7,0
"D","01/03/2021","07",872788,72183,110,170,"AVAILABLE",5,,0.3,6,0
"D","01/03/2021","07",872788,76235,221,271,"AVAILABLE",10,,0.5,15,0
"D","01/03/2021","07",872788,92137,110,165,"AVAILABLE",5,,0.6,8,0
"D","01/03/2021","07",878461,54465,145,305,"AVAILABLE",12,,0.3,10,0.3
"D","01/03/2021","07",878461,83798,145,305,"AVAILABLE",12,,0.3,10,0.3
"D","01/03/2021","07",883543,11031,35,45,"UNAVAILABLE",10,,0,0,0
"D","01/03/2021","07",883543,19426,35,45,"UNAVAILABLE",10,,0,0,0
"D","01/03/2021","07",883543,84614,35,45,"UNAVAILABLE",10,,0,0,0
"D","01/03/2021","07",883543,84917,35,45,"UNAVAILABLE",10,,0,0,0
"D","01/03/2021","07",883543,86772,35,45,"UNAVAILABLE",10,,0,0,0
"D","01/03/2021","07",902793,17063,296,316,"AVAILABLE",4,,10,10,0
"D","01/03/2021","07",902793,48591,150,389,"AVAILABLE",3,,0,60,0
"D","01/03/2021","07",902793,63229,100,157,"AVAILABLE",3.5,,0.25,6,0.25
"D","01/03/2021","07",902793,79819,113,173,"AVAILABLE",4,,0.25,9,0.25
"D","01/03/2021","07",931075,64814,130,157,"AVAILABLE",3,,0,15,0
"D","01/03/2021","07",931987,42841,220,295,"AVAILABLE",25,,0.25,0,0
"D","01/03/2021","07",931987,81361,220,295,"UNAVAILABLE",25,,0.25,0,0
"D","01/03/2021","07",958512,60802,150,251,"AVAILABLE",5,,0.75,3,0
"D","01/03/2021","07",958512,77459,390.7,582.8,"AVAILABLE",19,,0.25,3,0
"D","01/03/2021","08",126216,16568,170,300,"AVAILABLE",3,,0,10,0
"D","01/03/2021","08",126216,65939,200,525,"AVAILABLE",3,,0,10,0
"D","01/03/2021","08",126216,86401,180,333,"AVAILABLE",3,,0,10,0
"D","01/03/2021","08",191345,95889,-1.5,1.5,"AVAILABLE",225,,0,0,0
"D","01/03/2021","08",196063,23404,47,57,"AVAILABLE",1,,10,6.5,0
"D","01/03/2021","08",205059,26606,-5.1,4.8,"AVAILABLE",750,,0,0,0
"D","01/03/2021","08",206845,29055,285,585,"AVAILABLE",3,,0,30,0
"D","01/03/2021","08",206845,31335,50,100,"AVAILABLE",1,,0,20,0
"D","01/03/2021","08",206845,67677,-16.7,16.2,"AVAILABLE",250,,0,0,0
"D","01/03/2021","08",212494,31662,282,389.5,"AVAILABLE",5.6,,0.05,6.72,0.05
"D","01/03/2021","08",212494,44171,163,273,"AVAILABLE",4,,0.06,6.82,0.06
"D","01/03/2021","08",212494,52323,211,355,"AVAILABLE",7.1,,0.07,6.7,0.07
"D","01/03/2021","08",212494,55388,172,289,"AVAILABLE",4,,0.07,6.77,0.07
"D","01/03/2021","08",212494,78679,282,382,"AVAILABLE",5.6,,0.06,6.75,0.06
"D","01/03/2021","08",212494,80076,222,362,"UNAVAILABLE",5.2,,0.08,6.8,0.08
"D","01/03/2021","08",292445,12097,44,48.5,"UNAVAILABLE",25,,0,0,100
"D","01/03/2021","08",292445,35696,38,47,"UNAVAILABLE",25,,0,0,80
"D","01/03/2021","08",292445,37352,38,47,"UNAVAILABLE",25,,0,0,80
"D","01/03/2021","08",292445,51737,0.5,47,"UNAVAILABLE",25,,0,0,80
"D","01/03/2021","08",292445,52317,38,47,"UNAVAILABLE",25,,0,0,80
"D","01/03/2021","08",292445,52400,20,22,"UNAVAILABLE",25,,0,0,100
"D","01/03/2021","08",292445,56935,44,48.5,"UNAVAILABLE",25,,0,0,100
"D","01/03/2021","08",292445,93720,8,38,"AVAILABLE",25,,0,0,100
"D","01/03/2021","08",292445,96291,44,48,"UNAVAILABLE",25,,0,0,100
"D","01/03/2021","08",295534,64231,360,573,"AVAILABLE",12,,0.19,3.99,0
"D","01/03/2021","08",328723,41406,311,515,"AVAILABLE",20,,0.19,4.99,0
"D","01/03/2021","08",328723,45714,145,261,"AVAILABLE",7,,0.19,3.99,0
"D","01/03/2021","08",328723,56535,168,292,"UNAVAILABLE",11,,0.19,4.99,0
"D","01/03/2021","08",331313,94830,70,80,"AVAILABLE",2,,0,5,0
"D","01/03/2021","08",412080,44623,55,70,"AVAILABLE",5,,0.05,10,0
"D","01/03/2021","08",412080,59383,55,70,"AVAILABLE",5,,0.05,10,0
"D","01/03/2021","08",412080,68657,90,98,"UNAVAILABLE",5,,5,49,0
"D","01/03/2021","08",412080,75042,82,97,"AVAILABLE",5,,0.05,10,0
"D","01/03/2021","08",412080,82179,82,97,"AVAILABLE",5,,0.1,10,0
"D","01/03/2021","08",474440,85953,-1,1,"UNAVAILABLE",10,,0,0,0
"D","01/03/2021","08",504170,11009,540,768,"AVAILABLE",15,,1,5,0
"D","01/03/2021","08",504170,60658,150,550,"AVAILABLE",4,,10,97.69,0
"D","01/03/2021","08",504170,72020,540,768,"AVAILABLE",15,,1,5,0
"D","01/03/2021","08",529988,29235,150,380,"UNAVAILABLE",2.5,,0,99,0
"D","01/03/2021","08",529988,54481,120,200,"UNAVAILABLE",1.5,,0,99,0
"D","01/03/2021","08",529988,54965,50,90,"UNAVAILABLE",1,,0,99,0
"D","01/03/2021","08",529988,96924,45,75,"UNAVAILABLE",1.5,,0,99,0
"D","01/03/2021","08",530232,62643,-20,20,"UNAVAILABLE",100,,0,0,0
"D","01/03/2021","08",547596,55289,45,65,"UNAVAILABLE",3.5,,10,90,10
"D","01/03/2021","08",582462,53298,130,292,"AVAILABLE",30,,10,49.95,49.95
"D","01/03/2021","08",582462,60188,130,292,"AVAILABLE",30,,0.1,5,5
"D","01/03/2021","08",582462,66602,130,292,"AVAILABLE",30,,10,49.95,49.95
"D","01/03/2021","08",582462,83099,130,292,"AVAILABLE",30,,10,49.95,49.95
"D","01/03/2021","08",591975,12297,145,258,"AVAILABLE",8,,0.05,6.25,0.05
"D","01/03/2021","08",591975,20846,209,275,"AVAILABLE",4,,0.01,9,0.01
"D","01/03/2021","08",591975,24780,145,262,"AVAILABLE",8,,0.05,6,0.05
"D","01/03/2021","08",591975,29587,150,238,"AVAILABLE",8,,0.25,8,0.25
"D","01/03/2021","08",591975,36992,145,263,"AVAILABLE",10,,0.01,6.25,0.01
"D","01/03/2021","08",591975,55408,145,263,"AVAILABLE",10,,0.01,6,0.01
"D","01/03/2021","08",591975,56483,207,257,"AVAILABLE",5,,0.05,6,0.05
"D","01/03/2021","08",591975,64475,204,254,"AVAILABLE",8,,0.05,6,0.05
"D","01/03/2021","08",591975,67172,150,242,"AVAILABLE",8,,0.05,8,0.25
"D","01/03/2021","08",591975,79527,155,253,"AVAILABLE",8,,0.01,5.75,0.25
"D","01/03/2021","08",591975,88727,145,260,"AVAILABLE",8,,0.05,6.5,0.05
"D","01/03/2021","08",591975,93164,150,244,"AVAILABLE",8,,0.01,6.25,0.25
"D","01/03/2021","08",595644,34578,406,580,"AVAILABLE",10,,0,7.35,0
"D","01/03/2021","08",698953,16639,7,33,"AVAILABLE",15,,0,0,0
"D","01/03/2021","08",698953,17045,14,25,"UNAVAILABLE",11,,0,0,0
"D","01/03/2021","08",698953,37939,5,26,"UNAVAILABLE",14.7,,0,0,0
"D","01/03/2021","08",698953,52447,5,29,"UNAVAILABLE",11,,0,0,0
"D","01/03/2021","08",698953,59695,5,16,"AVAILABLE",7.5,,0,0,0
"D","01/03/2021","08",698953,66465,5,32,"AVAILABLE",15,,0,0,0
"D","01/03/2021","08",711583,10002,-1,1,"UNAVAILABLE",2,,0,0,0
"D","01/03/2021","08",711583,10004,-1,1,"AVAILABLE",10,,0,0,0
"D","01/03/2021","08",711583,56432,-2,2,"UNAVAILABLE",2,,0,0,0
"D","01/03/2021","08",711583,80285,-2,2,"UNAVAILABLE",2,,0,0,0
"D","01/03/2021","08",711583,86326,-2,2,"UNAVAILABLE",2,,0,0,0
"D","01/03/2021","08",732232,67022,-1.9,1.9,"AVAILABLE",100,,0,0,0
"D","01/03/2021","08",739738,19882,240,503.9,"UNAVAILABLE",15,,0,0,0
"D","01/03/2021","08",739738,58855,100,150,"UNAVAILABLE",5,,0,5,0
"D","01/03/2021","08",739738,70847,300,380,"AVAILABLE",4,,0,3,0
"D","01/03/2021","08",784897,46049,-1.5,0.5,"UNAVAILABLE",75,,0,0,0
"D","01/03/2021","08",784897,90321,-1.5,1.5,"UNAVAILABLE",250,,0,0,0
"D","01/03/2021","08",872788,21292,221,271,"AVAILABLE",10,,0.5,15,0
"D","01/03/2021","08",872788,37274,110,170,"AVAILABLE",5,,0.5,7,0
"D","01/03/2021","08",872788,72183,110,170,"AVAILABLE",5,,0.3,6,0
"D","01/03/2021","08",872788,76235,221,271,"AVAILABLE",10,,0.5,15,0
"D","01/03/2021","08",872788,92137,110,165,"AVAILABLE",5,,0.6,8,0
"D","01/03/2021","08",878461,54465,145,305,"AVAILABLE",12,,0.3,10,0.3
"D","01/03/2021","08",878461,83798,145,305,"AVAILABLE",12,,0.3,10,0.3
"D","01/03/2021","08",883543,11031,35,45,"UNAVAILABLE",10,,0,0,0
"D","01/03/2021","08",883543,19426,35,45,"UNAVAILABLE",10,,0,0,0
"D","01/03/2021","08",883543,84614,35,45,"UNAVAILABLE",10,,0,0,0
"D","01/03/2021","08",883543,84917,35,45,"UNAVAILABLE",10,,0,0,0
"D","01/03/2021","08",883543,86772,35,45,"UNAVAILABLE",10,,0,0,0
"D","01/03/2021","08",902793,17063,296,316,"AVAILABLE",4,,10,10,0
"D","01/03/2021","08",902793,48591,150,389,"AVAILABLE",3,,0,60,0
"D","01/03/2021","08",902793,63229,100,158,"AVAILABLE",3.5,,0.25,6,0.25
"D","01/03/2021","08",902793,79819,113,172,"AVAILABLE",4,,0.25,9,0.25
"D","01/03/2021","08",931075,64814,130,157,"AVAILABLE",3,,0,15,0
"D","01/03/2021","08",931987,42841,220,295,"AVAILABLE",25,,0.25,0,0
"D","01/03/2021","08",931987,81361,220,295,"UNAVAILABLE",25,,0.25,0,0
"D","01/03/2021","08",958512,60802,150,251,"AVAILABLE",5,,0.75,3,0
"D","01/03/2021","08",958512,77459,389.3,582.1,"AVAILABLE",19,,0.25,3,0
"D","01/03/2021","09",126216,16568,170,300,"AVAILABLE",3,,0,10,0
"D","01/03/2021","09",126216,65939,200,525,"AVAILABLE",3,,0,10,0
"D","01/03/2021","09",126216,86401,180,333,"AVAILABLE",3,,0,10,0
"D","01/03/2021","09",191345,95889,-1.5,1.5,"UNAVAILABLE",999,,0,0,0
"D","01/03/2021","09",196063,23404,47,57,"AVAILABLE",1,,10,6.5,0
"D","01/03/2021","09",205059,26606,-2.7,2.6,"AVAILABLE",375,,0,0,0
"D","01/03/2021","09",206845,29055,285,585,"AVAILABLE",3,,0,30,0
"D","01/03/2021","09",206845,31335,50,100,"AVAILABLE",1,,0,20,0
"D","01/03/2021","09",206845,67677,-16.7,16.2,"AVAILABLE",250,,0,0,0
"D","01/03/2021","09",212494,31662,280,388.5,"AVAILABLE",5.6,,0.05,6.72,0.05
"D","01/03/2021","09",212494,44171,163,273,"AVAILABLE",4,,0.06,6.82,0.06
"D","01/03/2021","09",212494,52323,211,355,"AVAILABLE",7.1,,0.07,6.7,0.07
"D","01/03/2021","09",212494,55388,172,288,"AVAILABLE",4,,0.07,6.77,0.07
"D","01/03/2021","09",212494,78679,281,381,"AVAILABLE",5.6,,0.06,6.75,0.06
"D","01/03/2021","09",212494,80076,222,362,"UNAVAILABLE",5.2,,0.08,6.8,0.08
"D","01/03/2021","09",292445,12097,44,48.5,"UNAVAILABLE",25,,0,0,100
"D","01/03/2021","09",292445,35696,38,47,"UNAVAILABLE",25,,0,0,80
"D","01/03/2021","09",292445,37352,38,47,"UNAVAILABLE",25,,0,0,80
"D","01/03/2021","09",292445,51737,0.5,47,"UNAVAILABLE",25,,0,0,80
"D","01/03/2021","09",292445,52317,38,47,"UNAVAILABLE",25,,0,0,80
"D","01/03/2021","09",292445,52400,20,22,"UNAVAILABLE",25,,0,0,100
"D","01/03/2021","09",292445,56935,44,48.5,"UNAVAILABLE",25,,0,0,100
"D","01/03/2021","09",292445,93720,8,38,"AVAILABLE",25,,0,0,100
"D","01/03/2021","09",292445,96291,44,48,"UNAVAILABLE",25,,0,0,100
"D","01/03/2021","09",295534,64231,360,571,"AVAILABLE",12,,0.19,3.99,0
"D","01/03/2021","09",328723,41406,311,515,"AVAILABLE",20,,0.19,4.99,0
"D","01/03/2021","09",328723,45714,145,261,"AVAILABLE",7,,0.19,3.99,0
"D","01/03/2021","09",328723,56535,168,292,"UNAVAILABLE",11,,0.19,4.99,0
"D","01/03/2021","09",331313,94830,70,80,"AVAILABLE",2,,0,5,0
"D","01/03/2021","09",412080,44623,55,70,"AVAILABLE",5,,0.05,10,0
"D","01/03/2021","09",412080,59383,55,70,"AVAILABLE",5,,0.05,10,0
"D","01/03/2021","09",412080,68657,90,98,"UNAVAILABLE",5,,5,49,0
"D","01/03/2021","09",412080,75042,82,97,"AVAILABLE",5,,0.05,10,0
"D","01/03/2021","09",412080,82179,82,97,"AVAILABLE",5,,0.1,10,0
"D","01/03/2021","09",474440,85953,-1,1,"UNAVAILABLE",10,,0,0,0
"D","01/03/2021","09",504170,11009,540,766,"AVAILABLE",15,,1,5,0
"D","01/03/2021","09",504170,60658,150,550,"AVAILABLE",4,,10,97.69,0
"D","01/03/2021","09",504170,72020,540,766,"AVAILABLE",15,,1,5,0
"D","01/03/2021","09",529988,29235,150,380,"UNAVAILABLE",2.5,,0,99,0
"D","01/03/2021","09",529988,54481,120,200,"UNAVAILABLE",1.5,,0,99,0
"D","01/03/2021","09",529988,54965,50,90,"UNAVAILABLE",1,,0,99,0
"D","01/03/2021","09",529988,96924,45,75,"UNAVAILABLE",1.5,,0,99,0
"D","01/03/2021","09",530232,62643,-20,20,"AVAILABLE",250,,0,0,0
"D","01/03/2021","09",547596,55289,45,65,"UNAVAILABLE",3.5,,10,90,10
"D","01/03/2021","09",582462,53298,130,292,"AVAILABLE",30,,10,49.95,49.95
"D","01/03/2021","09",582462,60188,130,292,"AVAILABLE",30,,0.1,5,5
"D","01/03/2021","09",582462,66602,130,292,"AVAILABLE",30,,10,49.95,49.95
"D","01/03/2021","09",582462,83099,130,292,"AVAILABLE",30,,10,49.95,49.95
"D","01/03/2021","09",591975,12297,145,258,"AVAILABLE",8,,0.05,6.25,0.05
"D","01/03/2021","09",591975,20846,208,274,"AVAILABLE",4,,0.01,9,0.01
"D","01/03/2021","09",591975,24780,145,262,"AVAILABLE",8,,0.05,6,0.05
"D","01/03/2021","09",591975,29587,150,238,"AVAILABLE",8,,0.25,8,0.25
"D","01/03/2021","09",591975,36992,145,263,"AVAILABLE",10,,0.01,6.25,0.01
"D","01/03/2021","09",591975,55408,145,263,"AVAILABLE",10,,0.01,6,0.01
"D","01/03/2021","09",591975,56483,206,256,"AVAILABLE",5,,0.05,6,0.05
"D","01/03/2021","09",591975,64475,203,253,"AVAILABLE",8,,0.05,6,0.05
"D","01/03/2021","09",591975,67172,150,242,"AVAILABLE",8,,0.05,8,0.25
"D","01/03/2021","09",591975,79527,155,251,"AVAILABLE",8,,0.01,5.75,0.25
"D","01/03/2021","09",591975,88727,145,260,"AVAILABLE",8,,0.05,6.5,0.05
"D","01/03/2021","09",591975,93164,150,244,"AVAILABLE",8,,0.01,6.25,0.25
"D","01/03/2021","09",595644,34578,406,580,"AVAILABLE",10,,0,7.35,0
"D","01/03/2021","09",698953,16639,7,33,"AVAILABLE",15,,0,0,0
"D","01/03/2021","09",698953,17045,14,25,"UNAVAILABLE",11,,0,0,0
"D","01/03/2021","09",698953,37939,5,26,"UNAVAILABLE",14.7,,0,0,0
"D","01/03/2021","09",698953,52447,5,29,"UNAVAILABLE",11,,0,0,0
"D","01/03/2021","09",698953,59695,5,16,"AVAILABLE",7.5,,0,0,0
"D","01/03/2021","09",698953,66465,5,32,"AVAILABLE",15,,0,0,0
"D","01/03/2021","09",711583,10002,-1,1,"UNAVAILABLE",2,,0,0,0
"D","01/03/2021","09",711583,10004,-1,1,"AVAILABLE",10,,0,0,0
"D","01/03/2021","09",711583,56432,-2,2,"UNAVAILABLE",2,,0,0,0
"D","01/03/2021","09",711583,80285,-2,2,"UNAVAILABLE",2,,0,0,0
"D","01/03/2021","09",711583,86326,-2,2,"UNAVAILABLE",2,,0,0,0
"D","01/03/2021","09",732232,67022,-1.9,1.9,"AVAILABLE",100,,0,0,0
"D","01/03/2021","09",739738,19882,240,503.3,"UNAVAILABLE",15,,0,0,0
"D","01/03/2021","09",739738,58855,100,150,"UNAVAILABLE",5,,0,5,0
"D","01/03/2021","09",739738,70847,300,380,"AVAILABLE",4,,0,3,0
"D","01/03/2021","09",784897,46049,-1.5,0.5,"UNAVAILABLE",75,,0,0,0
"D","01/03/2021","09",784897,90321,-1.5,1.5,"UNAVAILABLE",250,,0,0,0
"D","01/03/2021","09",872788,21292,220,270,"AVAILABLE",10,,0.5,15,0
"D","01/03/2021","09",872788,37274,110,170,"AVAILABLE",5,,0.5,7,0
"D","01/03/2021","09",872788,72183,110,170,"AVAILABLE",5,,0.3,6,0
"D","01/03/2021","09",872788,76235,220,270,"AVAILABLE",10,,0.5,15,0
"D","01/03/2021","09",872788,92137,110,165,"AVAILABLE",5,,0.6,8,0
"D","01/03/2021","09",878461,54465,145,305,"AVAILABLE",12,,0.3,10,0.3
"D","01/03/2021","09",878461,83798,145,305,"AVAILABLE",12,,0.3,10,0.3
"D","01/03/2021","09",883543,11031,35,45,"UNAVAILABLE",10,,0,0,0
"D","01/03/2021","09",883543,19426,35,45,"UNAVAILABLE",10,,0,0,0
"D","01/03/2021","09",883543,84614,35,45,"UNAVAILABLE",10,,0,0,0
"D","01/03/2021","09",883543,84917,35,45,"UNAVAILABLE",10,,0,0,0
"D","01/03/2021","09",883543,86772,35,45,"UNAVAILABLE",10,,0,0,0
"D","01/03/2021","09",902793,17063,295,315,"AVAILABLE",4,,10,10,0
"D","01/03/2021","09",902793,48591,150,389,"AVAILABLE",3,,0,60,0
"D","01/03/2021","09",902793,63229,100,157,"AVAILABLE",3.5,,0.25,6,0.25
"D","01/03/2021","09",902793,79819,113,172,"AVAILABLE",4,,0.25,9,0.25
"D","01/03/2021","09",931075,64814,130,157,"AVAILABLE",3,,0,15,0
"D","01/03/2021","09",931987,42841,220,295,"AVAILABLE",25,,0.25,0,0
"D","01/03/2021","09",931987,81361,220,295,"UNAVAILABLE",25,,0.25,0,0
"D","01/03/2021","09",958512,60802,150,251,"AVAILABLE",5,,0.75,3,0
"D","01/03/2021","09",958512,77459,388,581.5,"AVAILABLE",19,,1.5,5,0
"D","01/03/2021","10",126216,16568,170,300,"AVAILABLE",3,,0,10,0
"D","01/03/2021","10",126216,65939,200,525,"AVAILABLE",3,,0,10,0
"D","01/03/2021","10",126216,86401,180,333,"AVAILABLE",3,,0,10,0
"D","01/03/2021","10",191345,95889,-1.5,1.5,"UNAVAILABLE",999,,0,0,0
"D","01/03/2021","10",196063,23404,47,57,"AVAILABLE",1,,10,6.5,0
"D","01/03/2021","10",205059,26606,-5,5,"UNAVAILABLE",999,,0,0,0
"D","01/03/2021","10",206845,29055,285,585,"AVAILABLE",3,,0,30,0
"D","01/03/2021","10",206845,31335,50,100,"AVAILABLE",1,,0,20,0
"D","01/03/2021","10",206845,67677,-16.7,16.2,"AVAILABLE",250,,0,0,0
"D","01/03/2021","10",212494,31662,277,386.5,"UNAVAILABLE",5.6,,0.05,6.72,0.05
"D","01/03/2021","10",212494,44171,163,271,"AVAILABLE",4,,0.06,6.82,0.06
"D","01/03/2021","10",212494,52323,210,354,"AVAILABLE",7.1,,0.07,6.7,0.07
"D","01/03/2021","10",212494,55388,171,288,"AVAILABLE",4,,0.07,6.77,0.07
"D","01/03/2021","10",212494,78679,277,378,"UNAVAILABLE",5.6,,0.06,6.75,0.06
"D","01/03/2021","10",212494,80076,221,361,"UNAVAILABLE",5.2,,0.08,6.8,0.08
"D","01/03/2021","10",292445,12097,44,48.5,"UNAVAILABLE",25,,0,0,100
"D","01/03/2021","10",292445,35696,38,47,"UNAVAILABLE",25,,0,0,80
"D","01/03/2021","10",292445,37352,38,47,"UNAVAILABLE",25,,0,0,80
"D","01/03/2021","10",292445,51737,0.5,47,"UNAVAILABLE",25,,0,0,80
"D","01/03/2021","10",292445,52317,38,47,"UNAVAILABLE",25,,0,0,80
"D","01/03/2021","10",292445,52400,20,22,"UNAVAILABLE",25,,0,0,100
"D","01/03/2021","10",292445,56935,44,48.5,"UNAVAILABLE",25,,0,0,100
"D","01/03/2021","10",292445,93720,8,38,"AVAILABLE",25,,0,0,100
"D","01/03/2021","10",292445,96291,44,48,"UNAVAILABLE",25,,0,0,100
"D","01/03/2021","10",295534,64231,360,570,"AVAILABLE",12,,0.19,3.99,0
"D","01/03/2021","10",328723,41406,311,525,"AVAILABLE",20,,0.19,4.99,0
"D","01/03/2021","10",328723,45714,145,261,"AVAILABLE",7,,0.19,3.99,0
"D","01/03/2021","10",328723,56535,168,293,"UNAVAILABLE",11,,0.19,4.99,0
"D","01/03/2021","10",331313,94830,70,80,"AVAILABLE",2,,0,5,0
"D","01/03/2021","10",412080,44623,55,70,"AVAILABLE",5,,0.05,10,0
"D","01/03/2021","10",412080,59383,55,70,"AVAILABLE",5,,0.05,10,0
"D","01/03/2021","10",412080,68657,90,98,"UNAVAILABLE",5,,5,49,0
"D","01/03/2021","10",412080,75042,82,97,"AVAILABLE",5,,0.05,10,0
"D","01/03/2021","10",412080,82179,82,97,"AVAILABLE",5,,0.1,10,0
"D","01/03/2021","10",474440,85953,-1,1,"UNAVAILABLE",10,,0,0,0
"D","01/03/2021","10",504170,11009,540,764,"AVAILABLE",15,,1,5,0
"D","01/03/2021","10",504170,60658,150,550,"AVAILABLE",4,,10,97.69,0
"D","01/03/2021","10",504170,72020,540,764,"AVAILABLE",15,,1,5,0
"D","01/03/2021","10",529988,29235,150,380,"UNAVAILABLE",2.5,,0,99,0
"D","01/03/2021","10",529988,54481,120,200,"UNAVAILABLE",1.5,,0,99,0
"D","01/03/2021","10",529988,54965,50,90,"UNAVAILABLE",1,,0,99,0
"D","01/03/2021","10",529988,96924,45,75,"UNAVAILABLE",1.5,,0,99,0
"D","01/03/2021","10",530232,62643,-7,5,"AVAILABLE",400,,0,0,0
"D","01/03/2021","10",547596,55289,45,65,"UNAVAILABLE",3.5,,10,90,10
"D","01/03/2021","10",582462,53298,130,292,"AVAILABLE",30,,10,49.95,49.95
"D","01/03/2021","10",582462,60188,130,292,"AVAILABLE",30,,0.1,5,5
"D","01/03/2021","10",582462,66602,130,292,"AVAILABLE",30,,10,49.95,49.95
"D","01/03/2021","10",582462,83099,130,292,"AVAILABLE",30,,10,49.95,49.95
"D","01/03/2021","10",591975,12297,145,257,"AVAILABLE",8,,0.05,6.25,0.05
"D","01/03/2021","10",591975,20846,206,271,"AVAILABLE",4,,0.01,9,0.01
"D","01/03/2021","10",591975,24780,145,261,"AVAILABLE",8,,0.05,6,0.05
"D","01/03/2021","10",591975,29587,150,237,"AVAILABLE",8,,0.25,8,0.25
"D","01/03/2021","10",591975,36992,145,262,"AVAILABLE",10,,0.01,6.25,0.01
"D","01/03/2021","10",591975,55408,145,262,"AVAILABLE",10,,0.01,6,0.01
"D","01/03/2021","10",591975,56483,205,255,"AVAILABLE",5,,0.05,6,0.05
"D","01/03/2021","10",591975,64475,203,253,"AVAILABLE",8,,0.05,6,0.05
"D","01/03/2021","10",591975,67172,150,241,"AVAILABLE",8,,0.05,8,0.25
"D","01/03/2021","10",591975,79527,155,252,"AVAILABLE",8,,0.01,5.75,0.25
"D","01/03/2021","10",591975,88727,145,259,"AVAILABLE",8,,0.05,6.5,0.05
"D","01/03/2021","10",591975,93164,150,242,"AVAILABLE",8,,0.01,6.25,0.25
"D","01/03/2021","10",595644,34578,406,580,"AVAILABLE",10,,0,7.35,0
"D","01/03/2021","10",698953,16639,7,33,"AVAILABLE",15,,0,0,0
"D","01/03/2021","10",698953,17045,14,25,"UNAVAILABLE",11,,0,0,0
"D","01/03/2021","10",698953,37939,5,26,"UNAVAILABLE",14.7,,0,0,0
"D","01/03/2021","10",698953,52447,5,29,"UNAVAILABLE",11,,0,0,0
"D","01/03/2021","10",698953,59695,5,16,"AVAILABLE",7.5,,0,0,0
"D","01/03/2021","10",698953,66465,5,32,"AVAILABLE",15,,0,0,0
"D","01/03/2021","10",711583,10002,-1,1,"UNAVAILABLE",2,,0,0,0
"D","01/03/2021","10",711583,10004,-1,1,"AVAILABLE",10,,0,0,0
"D","01/03/2021","10",711583,56432,-2,2,"UNAVAILABLE",2,,0,0,0
"D","01/03/2021","10",711583,80285,-2,2,"UNAVAILABLE",2,,0,0,0
"D","01/03/2021","10",711583,86326,-2,2,"UNAVAILABLE",2,,0,0,0
"D","01/03/2021","10",732232,67022,-1.9,1.9,"AVAILABLE",100,,0,0,0
"D","01/03/2021","10",739738,19882,240,502.5,"UNAVAILABLE",15,,0,0,0
"D","01/03/2021","10",739738,58855,100,150,"UNAVAILABLE",5,,0,5,0
"D","01/03/2021","10",739738,70847,300,380,"AVAILABLE",4,,0,3,0
"D","01/03/2021","10",784897,46049,-1.5,0.5,"UNAVAILABLE",75,,0,0,0
"D","01/03/2021","10",784897,90321,-1.5,1.5,"UNAVAILABLE",250,,0,0,0
"D","01/03/2021","10",872788,21292,218,268,"AVAILABLE",10,,0.5,15,0
"D","01/03/2021","10",872788,37274,110,170,"AVAILABLE",5,,0.5,7,0
"D","01/03/2021","10",872788,72183,110,170,"AVAILABLE",5,,0.3,6,0
"D","01/03/2021","10",872788,76235,218,268,"AVAILABLE",10,,0.5,15,0
"D","01/03/2021","10",872788,92137,110,165,"AVAILABLE",5,,0.6,8,0
"D","01/03/2021","10",878461,54465,145,305,"AVAILABLE",12,,0.3,10,0.3
"D","01/03/2021","10",878461,83798,145,305,"AVAILABLE",12,,0.3,10,0.3
"D","01/03/2021","10",883543,11031,35,45,"UNAVAILABLE",10,,0,0,0
"D","01/03/2021","10",883543,19426,35,45,"UNAVAILABLE",10,,0,0,0
"D","01/03/2021","10",883543,84614,35,45,"UNAVAILABLE",10,,0,0,0
"D","01/03/2021","10",883543,84917,35,45,"UNAVAILABLE",10,,0,0,0
"D","01/03/2021","10",883543,86772,35,45,"UNAVAILABLE",10,,0,0,0
"D","01/03/2021","10",902793,17063,294,314,"AVAILABLE",4,,10,10,0
"D","01/03/2021","10",902793,48591,150,389,"AVAILABLE",3,,0,60,0
"D","01/03/2021","10",902793,63229,100,157,"AVAILABLE",3.5,,0.25,6,0.25
"D","01/03/2021","10",902793,79819,113,172,"AVAILABLE",4,,0.25,9,0.25
"D","01/03/2021","10",931075,64814,130,157,"AVAILABLE",3,,0,15,0
"D","01/03/2021","10",931987,42841,220,295,"AVAILABLE",25,,0.25,0,0
"D","01/03/2021","10",931987,81361,220,295,"UNAVAILABLE",25,,0.25,0,0
"D","01/03/2021","10",958512,60802,150,250,"AVAILABLE",5,,0.75,3,0
"D","01/03/2021","10",958512,77459,386.6,581,"AVAILABLE",19,,1.5,5,0
"D","01/03/2021","11",126216,16568,170,300,"AVAILABLE",3,,0,10,0
"D","01/03/2021","11",126216,65939,200,525,"AVAILABLE",3,,0,10,0
"D","01/03/2021","11",126216,86401,180,333,"AVAILABLE",3,,0,10,0
"D","01/03/2021","11",191345,95889,-1.5,1.5,"UNAVAILABLE",999,,0,0,0
"D","01/03/2021","11",196063,23404,47,57,"AVAILABLE",1,,10,6.5,0
"D","01/03/2021","11",205059,26606,-5,5,"UNAVAILABLE",999,,0,0,0
"D","01/03/2021","11",206845,29055,285,585,"AVAILABLE",3,,0,30,0
"D","01/03/2021","11",206845,31335,50,100,"AVAILABLE",1,,0,20,0
"D","01/03/2021","11",206845,67677,-16.7,16.2,"AVAILABLE",250,,0,0,0
"D","01/03/2021","11",212494,31662,273,383.5,"UNAVAILABLE",5.6,,0.05,6.72,0.05
"D","01/03/2021","11",212494,44171,163,270,"AVAILABLE",4,,0.06,6.82,0.06
"D","01/03/2021","11",212494,52323,208,352,"AVAILABLE",7.1,,0.07,6.7,0.07
"D","01/03/2021","11",212494,55388,171,285,"AVAILABLE",4,,0.07,6.77,0.07
"D","01/03/2021","11",212494,78679,273,375,"UNAVAILABLE",5.6,,0.06,6.75,0.06
"D","01/03/2021","11",212494,80076,219,360,"UNAVAILABLE",5.2,,0.08,6.8,0.08
"D","01/03/2021","11",292445,12097,44,48.5,"UNAVAILABLE",25,,0,0,100
"D","01/03/2021","11",292445,35696,38,47,"UNAVAILABLE",25,,0,0,80
"D","01/03/2021","11",292445,37352,38,47,"UNAVAILABLE",25,,0,0,80
"D","01/03/2021","11",292445,51737,0.5,47,"UNAVAILABLE",25,,0,0,80
"D","01/03/2021","11",292445,52317,38,47,"UNAVAILABLE",25,,0,0,80
"D","01/03/2021","11",292445,52400,20,22,"UNAVAILABLE",25,,0,0,100
"D","01/03/2021","11",292445,56935,44,48.5,"UNAVAILABLE",25,,0,0,100
"D","01/03/2021","11",292445,93720,8,38,"AVAILABLE",25,,0,0,100
"D","01/03/2021","11",292445,96291,44,48,"UNAVAILABLE",25,,0,0,100
"D","01/03/2021","11",295534,64231,360,568,"AVAILABLE",12,,0.19,3.99,0
"D","01/03/2021","11",328723,41406,311,525,"AVAILABLE",20,,0.19,4.99,0
"D","01/03/2021","11",328723,45714,145,260,"AVAILABLE",7,,0.19,3.99,0
"D","01/03/2021","11",328723,56535,168,291,"UNAVAILABLE",11,,0.19,4.99,0
"D","01/03/2021","11",331313,94830,70,80,"AVAILABLE",2,,0,5,0
"D","01/03/2021","11",412080,44623,55,70,"AVAILABLE",5,,0.05,10,0
"D","01/03/2021","11",412080,59383,55,70,"AVAILABLE",5,,0.05,10,0
"D","01/03/2021","11",412080,68657,90,98,"UNAVAILABLE",5,,5,49,0
"D","01/03/2021","11",412080,75042,82,97,"AVAILABLE",5,,0.05,10,0
"D","01/03/2021","11",412080,82179,82,97,"AVAILABLE",5,,0.1,10,0
"D","01/03/2021","11",474440,85953,-1,1,"UNAVAILABLE",10,,0,0,0
"D","01/03/2021","11",504170,11009,540,761,"AVAILABLE",15,,1,5,0
"D","01/03/2021","11",504170,60658,150,550,"AVAILABLE",4,,10,97.69,0
"D","01/03/2021","11",504170,72020,540,761,"AVAILABLE",15,,1,5,0
"D","01/03/2021","11",529988,29235,150,380,"UNAVAILABLE",2.5,,0,99,0
"D","01/03/2021","11",529988,54481,120,200,"UNAVAILABLE",1.5,,0,99,0
"D","01/03/2021","11",529988,54965,50,90,"UNAVAILABLE",1,,0,99,0
"D","01/03/2021","11",529988,96924,45,75,"UNAVAILABLE",1.5,,0,99,0
"D","01/03/2021","11",530232,62643,-20,20,"UNAVAILABLE",100,,0,0,0
"D","01/03/2021","11",547596,55289,45,65,"UNAVAILABLE",3.5,,10,90,10
"D","01/03/2021","11",582462,53298,130,292,"AVAILABLE",30,,10,49.95,49.95
"D","01/03/2021","11",582462,60188,130,292,"AVAILABLE",30,,0.1,5,5
"D","01/03/2021","11",582462,66602,130,292,"AVAILABLE",30,,10,49.95,49.95
"D","01/03/2021","11",582462,83099,130,292,"AVAILABLE",30,,10,49.95,49.95
"D","01/03/2021","11",591975,12297,145,257,"AVAILABLE",8,,0.05,6.25,0.05
"D","01/03/2021","11",591975,20846,205,269,"AVAILABLE",4,,0.01,9,0.01
"D","01/03/2021","11",591975,24780,145,260,"AVAILABLE",8,,0.05,6,0.05
"D","01/03/2021","11",591975,29587,150,236,"AVAILABLE",8,,0.25,8,0.25
"D","01/03/2021","11",591975,36992,145,262,"AVAILABLE",10,,0.01,6.25,0.01
"D","01/03/2021","11",591975,55408,145,262,"AVAILABLE",10,,0.01,6,0.01
"D","01/03/2021","11",591975,56483,204,254,"AVAILABLE",5,,0.05,6,0.05
"D","01/03/2021","11",591975,64475,202,252,"AVAILABLE",8,,0.05,6,0.05
"D","01/03/2021","11",591975,67172,150,240,"AVAILABLE",8,,0.05,8,0.25
"D","01/03/2021","11",591975,79527,155,249,"AVAILABLE",8,,0.01,5.75,0.25
"D","01/03/2021","11",591975,88727,145,258,"AVAILABLE",8,,0.05,6.5,0.05
"D","01/03/2021","11",591975,93164,150,239,"AVAILABLE",8,,0.01,6.25,0.25
"D","01/03/2021","11",595644,34578,406,581,"AVAILABLE",10,,0,7.53,0
"D","01/03/2021","11",698953,16639,7,33,"AVAILABLE",15,,0,0,0
"D","01/03/2021","11",698953,17045,14,25,"UNAVAILABLE",11,,0,0,0
"D","01/03/2021","11",698953,37939,5,26,"UNAVAILABLE",14.7,,0,0,0
"D","01/03/2021","11",698953,52447,5,29,"UNAVAILABLE",11,,0,0,0
"D","01/03/2021","11",698953,59695,5,16,"AVAILABLE",7.5,,0,0,0
"D","01/03/2021","11",698953,66465,5,32,"AVAILABLE",15,,0,0,0
"D","01/03/2021","11",711583,10002,-1,1,"UNAVAILABLE",2,,0,0,0
"D","01/03/2021","11",711583,10004,-1,1,"AVAILABLE",10,,0,0,0
"D","01/03/2021","11",711583,56432,-2,2,"UNAVAILABLE",2,,0,0,0
"D","01/03/2021","11",711583,80285,-2,2,"UNAVAILABLE",2,,0,0,0
"D","01/03/2021","11",711583,86326,-2,2,"UNAVAILABLE",2,,0,0,0
"D","01/03/2021","11",732232,67022,-1.9,1.9,"AVAILABLE",100,,0,0,0
"D","01/03/2021","11",739738,19882,240,500.9,"UNAVAILABLE",15,,0,0,0
"D","01/03/2021","11",739738,58855,100,150,"UNAVAILABLE",5,,0,5,0
"D","01/03/2021","11",739738,70847,300,380,"AVAILABLE",4,,0,3,0
"D","01/03/2021","11",784897,46049,-1.5,0.5,"UNAVAILABLE",75,,0,0,0
"D","01/03/2021","11",784897,90321,-1.5,1.5,"UNAVAILABLE",250,,0,0,0
"D","01/03/2021","11",872788,21292,216,266,"AVAILABLE",10,,0.5,15,0
"D","01/03/2021","11",872788,37274,110,170,"AVAILABLE",5,,0.5,7,0
"D","01/03/2021","11",872788,72183,110,170,"AVAILABLE",5,,0.3,6,0
"D","01/03/2021","11",872788,76235,216,266,"AVAILABLE",10,,0.5,15,0
"D","01/03/2021","11",872788,92137,110,165,"AVAILABLE",5,,0.6,8,0
"D","01/03/2021","11",878461,54465,145,305,"AVAILABLE",12,,0.3,10,0.3
"D","01/03/2021","11",878461,83798,145,305,"AVAILABLE",12,,0.3,10,0.3
"D","01/03/2021","11",883543,11031,35,45,"UNAVAILABLE",10,,0,0,0
"D","01/03/2021","11",883543,19426,35,45,"UNAVAILABLE",10,,0,0,0
"D","01/03/2021","11",883543,84614,35,45,"UNAVAILABLE",10,,0,0,0
"D","01/03/2021","11",883543,84917,35,45,"UNAVAILABLE",10,,0,0,0
"D","01/03/2021","11",883543,86772,35,45,"UNAVAILABLE",10,,0,0,0
"D","01/03/2021","11",902793,17063,294,314,"AVAILABLE",4,,10,10,0
"D","01/03/2021","11",902793,48591,150,389,"AVAILABLE",3,,0,60,0
"D","01/03/2021","11",902793,63229,100,156,"AVAILABLE",3.5,,0.25,6,0.25
"D","01/03/2021","11",902793,79819,113,171,"AVAILABLE",4,,0.25,9,0.25
"D","01/03/2021","11",931075,64814,130,157,"AVAILABLE",3,,0,15,0
"D","01/03/2021","11",931987,42841,220,295,"AVAILABLE",25,,0.25,0,0
"D","01/03/2021","11",931987,81361,220,295,"UNAVAILABLE",25,,0.25,0,0
"D","01/03/2021","11",958512,60802,150,250,"AVAILABLE",5,,0.75,3,0
"D","01/03/2021","11",958512,77459,386,581,"AVAILABLE",19,,1.5,5,0
"D","01/03/2021","12",126216,16568,170,300,"AVAILABLE",3,,0,10,0
"D","01/03/2021","12",126216,65939,200,525,"AVAILABLE",3,,0,10,0
"D","01/03/2021","12",126216,86401,180,333,"AVAILABLE",3,,0,10,0
"D","01/03/2021","12",191345,95889,-1.5,1.5,"AVAILABLE",225,,0,0,0
"D","01/03/2021","12",196063,23404,47,57,"AVAILABLE",1,,10,6.5,0
"D","01/03/2021","12",205059,26606,-5,4.7,"AVAILABLE",750,,0,0,0
"D","01/03/2021","12",206845,29055,285,585,"AVAILABLE",3,,0,30,0
"D","01/03/2021","12",206845,31335,50,100,"AVAILABLE",1,,0,20,0
"D","01/03/2021","12",206845,67677,-16.7,16.2,"AVAILABLE",250,,0,0,0
"D","01/03/2021","12",212494,31662,271,382,"AVAILABLE",5.6,,0.05,6.72,0.05
"D","01/03/2021","12",212494,44171,163,268,"AVAILABLE",4,,0.06,6.82,0.06
"D","01/03/2021","12",212494,52323,207,350,"AVAILABLE",7.1,,0.07,6.7,0.07
"D","01/03/2021","12",212494,55388,171,284,"AVAILABLE",4,,0.07,6.77,0.07
"D","01/03/2021","12",212494,78679,271,373,"AVAILABLE",5.6,,0.06,6.75,0.06
"D","01/03/2021","12",212494,80076,218,360,"UNAVAILABLE",5.2,,0.08,6.8,0.08
"D","01/03/2021","12",292445,12097,44,48.5,"UNAVAILABLE",25,,0,0,100
"D","01/03/2021","12",292445,35696,38,47,"UNAVAILABLE",25,,0,0,80
"D","01/03/2021","12",292445,37352,38,47,"UNAVAILABLE",25,,0,0,80
"D","01/03/2021","12",292445,51737,0.5,47,"UNAVAILABLE",25,,0,0,80
"D","01/03/2021","12",292445,52317,38,47,"UNAVAILABLE",25,,0,0,80
"D","01/03/2021","12",292445,52400,20,22,"UNAVAILABLE",25,,0,0,100
"D","01/03/2021","12",292445,56935,44,48.5,"UNAVAILABLE",25,,0,0,100
"D","01/03/2021","12",292445,93720,8,38,"AVAILABLE",25,,0,0,100
"D","01/03/2021","12",292445,96291,44,48,"UNAVAILABLE",25,,0,0,100
"D","01/03/2021","12",295534,64231,360,567,"AVAILABLE",12,,0.19,3.99,0
"D","01/03/2021","12",328723,41406,311,525,"AVAILABLE",20,,0.19,4.99,0
"D","01/03/2021","12",328723,45714,145,258,"AVAILABLE",7,,0.19,3.99,0
"D","01/03/2021","12",328723,56535,168,290,"UNAVAILABLE",11,,0.19,4.99,0
"D","01/03/2021","12",331313,94830,70,80,"AVAILABLE",2,,0,5,0
"D","01/03/2021","12",412080,44623,55,70,"AVAILABLE",5,,0.05,10,0
"D","01/03/2021","12",412080,59383,55,70,"AVAILABLE",5,,0.05,10,0
"D","01/03/2021","12",412080,68657,90,98,"UNAVAILABLE",5,,5,49,0
"D","01/03/2021","12",412080,75042,82,97,"AVAILABLE",5,,0.05,10,0
"D","01/03/2021","12",412080,82179,82,97,"AVAILABLE",5,,0.1,10,0
"D","01/03/2021","12",474440,85953,-1,1,"UNAVAILABLE",10,,0,0,0
"D","01/03/2021","12",504170,11009,540,758,"AVAILABLE",15,,1,5,0
"D","01/03/2021","12",504170,60658,150,550,"AVAILABLE",4,,10,97.69,0
"D","01/03/2021","12",504170,72020,540,758,"AVAILABLE",15,,1,5,0
"D","01/03/2021","12",529988,29235,150,380,"UNAVAILABLE",2.5,,0,99,0
"D","01/03/2021","12",529988,54481,120,200,"UNAVAILABLE",1.5,,0,99,0
"D","01/03/2021","12",529988,54965,50,90,"UNAVAILABLE",1,,0,99,0
"D","01/03/2021","12",529988,96924,45,75,"UNAVAILABLE",1.5,,0,99,0
"D","01/03/2021","12",530232,62643,-20,20,"UNAVAILABLE",100,,0,0,0
"D","01/03/2021","12",547596,55289,45,65,"UNAVAILABLE",3.5,,10,90,10
"D","01/03/2021","12",582462,53298,130,292,"AVAILABLE",30,,10,49.95,49.95
"D","01/03/2021","12",582462,60188,130,292,"AVAILABLE",30,,0.1,5,5
"D","01/03/2021","12",582462,66602,130,292,"AVAILABLE",30,,10,49.95,49.95
"D","01/03/2021","12",582462,83099,130,292,"AVAILABLE",30,,10,49.95,49.95
"D","01/03/2021","12",591975,12297,145,256,"AVAILABLE",8,,0.05,6.25,0.05
"D","01/03/2021","12",591975,20846,204,268,"AVAILABLE",4,,0.01,9,0.01
"D","01/03/2021","12",591975,24780,145,259,"AVAILABLE",8,,0.05,6,0.05
"D","01/03/2021","12",591975,29587,150,235,"AVAILABLE",8,,0.25,8,0.25
"D","01/03/2021","12",591975,36992,145,261,"AVAILABLE",10,,0.01,6.25,0.01
"D","01/03/2021","12",591975,55408,145,261,"AVAILABLE",10,,0.01,6,0.01
"D","01/03/2021","12",591975,56483,204,254,"AVAILABLE",5,,0.05,6,0.05
"D","01/03/2021","12",591975,64475,201,251,"AVAILABLE",8,,0.05,6,0.05
"D","01/03/2021","12",591975,67172,150,239,"AVAILABLE",8,,0.05,8,0.25
"D","01/03/2021","12",591975,79527,155,248,"AVAILABLE",8,,0.01,5.75,0.25
"D","01/03/2021","12",591975,88727,145,257,"AVAILABLE",8,,0.05,6.5,0.05
"D","01/03/2021","12",591975,93164,150,238,"AVAILABLE",8,,0.01,6.25,0.25
"D","01/03/2021","12",595644,34578,406,582,"AVAILABLE",10,,0,7.53,0
"D","01/03/2021","12",698953,16639,7,33,"AVAILABLE",15,,0,0,0
"D","01/03/2021","12",698953,17045,14,25,"UNAVAILABLE",11,,0,0,0
"D","01/03/2021","12",698953,37939,5,26,"UNAVAILABLE",14.7,,0,0,0
"D","01/03/2021","12",698953,52447,5,29,"UNAVAILABLE",11,,0,0,0
"D","01/03/2021","12",698953,59695,5,16,"AVAILABLE",7.5,,0,0,0
"D","01/03/2021","12",698953,66465,5,32,"AVAILABLE",15,,0,0,0
"D","01/03/2021","12",711583,10002,-1,1,"UNAVAILABLE",2,,0,0,0
"D","01/03/2021","12",711583,10004,-1,1,"AVAILABLE",10,,0,0,0
"D","01/03/2021","12",711583,56432,-2,2,"UNAVAILABLE",2,,0,0,0
"D","01/03/2021","12",711583,80285,-2,2,"UNAVAILABLE",2,,0,0,0
"D","01/03/2021","12",711583,86326,-2,2,"UNAVAILABLE",2,,0,0,0
"D","01/03/2021","12",732232,67022,-1.9,1.9,"AVAILABLE",100,,0,0,0
"D","01/03/2021","12",739738,19882,240,499.8,"UNAVAILABLE",15,,0,0,0
"D","01/03/2021","12",739738,58855,100,150,"UNAVAILABLE",5,,0,5,0
"D","01/03/2021","12",739738,70847,300,380,"AVAILABLE",4,,0,3,0
"D","01/03/2021","12",784897,46049,-1.5,0.5,"UNAVAILABLE",75,,0,0,0
"D","01/03/2021","12",784897,90321,-1.5,1.5,"UNAVAILABLE",250,,0,0,0
"D","01/03/2021","12",872788,21292,215,265,"AVAILABLE",10,,0.5,15,0
"D","01/03/2021","12",872788,37274,110,170,"AVAILABLE",5,,0.5,7,0
"D","01/03/2021","12",872788,72183,110,170,"AVAILABLE",5,,0.3,6,0
"D","01/03/2021","12",872788,76235,215,265,"AVAILABLE",10,,0.5,15,0
"D","01/03/2021","12",872788,92137,110,165,"AVAILABLE",5,,0.6,8,0
"D","01/03/2021","12",878461,54465,145,305,"AVAILABLE",12,,0.3,10,0.3
"D","01/03/2021","12",878461,83798,145,305,"AVAILABLE",12,,0.3,10,0.3
"D","01/03/2021","12",883543,11031,35,45,"UNAVAILABLE",10,,0,0,0
"D","01/03/2021","12",883543,19426,35,45,"UNAVAILABLE",10,,0,0,0
"D","01/03/2021","12",883543,84614,35,45,"UNAVAILABLE",10,,0,0,0
"D","01/03/2021","12",883543,84917,35,45,"UNAVAILABLE",10,,0,0,0
"D","01/03/2021","12",883543,86772,35,45,"UNAVAILABLE",10,,0,0,0
"D","01/03/2021","12",902793,17063,293,313,"AVAILABLE",4,,10,10,0
"D","01/03/2021","12",902793,48591,150,389,"AVAILABLE",3,,0,60,0
"D","01/03/2021","12",902793,63229,100,155,"AVAILABLE",3.5,,0.25,6,0.25
"D","01/03/2021","12",902793,79819,113,171,"AVAILABLE",4,,0.25,9,0.25
"D","01/03/2021","12",931075,64814,130,157,"AVAILABLE",3,,0,15,0
"D","01/03/2021","12",931987,42841,220,295,"AVAILABLE",25,,0.25,0,0
"D","01/03/2021","12",931987,81361,220,295,"UNAVAILABLE",25,,0.25,0,0
"D","01/03/2021","12",958512,60802,150,249,"AVAILABLE",5,,0.75,3,0
"D","01/03/2021","12",958512,77459,385.3,580.4,"AVAILABLE",19,,1.5,5,0
"D","01/03/2021","13",126216,16568,170,300,"AVAILABLE",3,,0,10,0
"D","01/03/2021","13",126216,65939,200,525,"AVAILABLE",3,,0,10,0
"D","01/03/2021","13",126216,86401,180,333,"AVAILABLE",3,,0,10,0
"D","01/03/2021","13",191345,95889,-1.5,1.5,"AVAILABLE",225,,0,0,0
"D","01/03/2021","13",196063,23404,47,57,"AVAILABLE",1,,10,6.5,0
"D","01/03/2021","13",205059,26606,-5.1,4.8,"AVAILABLE",750,,0,0,0
"D","01/03/2021","13",206845,29055,285,585,"AVAILABLE",3,,0,30,0
"D","01/03/2021","13",206845,31335,50,100,"AVAILABLE",1,,0,20,0
"D","01/03/2021","13",206845,67677,-16.7,16.2,"AVAILABLE",250,,0,0,0
"D","01/03/2021","13",212494,31662,271,381,"AVAILABLE",5.6,,0.05,6.72,0.05
"D","01/03/2021","13",212494,44171,163,267,"AVAILABLE",4,,0.06,6.82,0.06
"D","01/03/2021","13",212494,52323,206,349,"AVAILABLE",7.1,,0.07,6.7,0.07
"D","01/03/2021","13",212494,55388,171,282,"AVAILABLE",4,,0.07,6.77,0.07
"D","01/03/2021","13",212494,78679,271,372,"AVAILABLE",5.6,,0.06,6.75,0.06
"D","01/03/2021","13",212494,80076,217,359,"UNAVAILABLE",5.2,,0.08,6.8,0.08
"D","01/03/2021","13",292445,12097,44,48.5,"UNAVAILABLE",25,,0,0,100
"D","01/03/2021","13",292445,35696,38,47,"UNAVAILABLE",25,,0,0,80
"D","01/03/2021","13",292445,37352,38,47,"UNAVAILABLE",25,,0,0,80
"D","01/03/2021","13",292445,51737,0.5,47,"UNAVAILABLE",25,,0,0,80
"D","01/03/2021","13",292445,52317,38,47,"UNAVAILABLE",25,,0,0,80
"D","01/03/2021","13",292445,52400,20,22,"UNAVAILABLE",25,,0,0,100
"D","01/03/2021","13",292445,56935,44,48.5,"UNAVAILABLE",25,,0,0,100
"D","01/03/2021","13",292445,93720,8,38,"AVAILABLE",25,,0,0,100
"D","01/03/2021","13",292445,96291,44,48,"UNAVAILABLE",25,,0,0,100
"D","01/03/2021","13",295534,64231,360,566,"AVAILABLE",12,,0.19,3.99,0
"D","01/03/2021","13",328723,41406,311,525,"AVAILABLE",20,,0.19,4.99,0
"D","01/03/2021","13",328723,45714,145,257,"AVAILABLE",7,,0.19,3.99,0
"D","01/03/2021","13",328723,56535,168,290,"UNAVAILABLE",11,,0.19,4.99,0
"D","01/03/2021","13",331313,94830,70,80,"AVAILABLE",2,,0,5,0
"D","01/03/2021","13",412080,44623,55,70,"AVAILABLE",5,,0.05,10,0
"D","01/03/2021","13",412080,59383,55,70,"AVAILABLE",5,,0.05,10,0
"D","01/03/2021","13",412080,68657,90,98,"UNAVAILABLE",5,,5,49,0
"D","01/03/2021","13",412080,75042,82,97,"AVAILABLE",5,,0.05,10,0
"D","01/03/2021","13",412080,82179,82,97,"AVAILABLE",5,,0.1,10,0
"D","01/03/2021","13",474440,85953,-1,1,"UNAVAILABLE",10,,0,0,0
"D","01/03/2021","13",504170,11009,540,757,"AVAILABLE",15,,1,5,0
"D","01/03/2021","13",504170,60658,150,550,"AVAILABLE",4,,10,97.69,0
"D","01/03/2021","13",504170,72020,540,757,"AVAILABLE",15,,1,5,0
"D","01/03/2021","13",529988,29235,150,380,"UNAVAILABLE",2.5,,0,99,0
"D","01/03/2021","13",529988,54481,120,200,"UNAVAILABLE",1.5,,0,99,0
"D","01/03/2021","13",529988,54965,50,90,"UNAVAILABLE",1,,0,99,0
"D","01/03/2021","13",529988,96924,45,75,"UNAVAILABLE",1.5,,0,99,0
"D","01/03/2021","13",530232,62643,-20,20,"UNAVAILABLE",250,,0,0,0
"D","01/03/2021","13",547596,55289,45,65,"UNAVAILABLE",3.5,,10,90,10
"D","01/03/2021","13",582462,53298,130,292,"AVAILABLE",30,,10,49.95,49.95
"D","01/03/2021","13",582462,60188,130,292,"AVAILABLE",30,,0.1,5,5
"D","01/03/2021","13",582462,66602,130,292,"AVAILABLE",30,,10,49.95,49.95
"D","01/03/2021","13",582462,83099,130,292,"AVAILABLE",30,,10,49.95,49.95
"D","01/03/2021","13",591975,12297,145,255,"AVAILABLE",8,,0.05,6.25,0.05
"D","01/03/2021","13",591975,20846,203,267,"AVAILABLE",4,,0.01,9,0.01
"D","01/03/2021","13",591975,24780,145,258,"AVAILABLE",8,,0.05,6,0.05
"D","01/03/2021","13",591975,29587,150,235,"AVAILABLE",8,,0.25,8,0.25
"D","01/03/2021","13",591975,36992,145,260,"AVAILABLE",10,,0.01,6.25,0.01
"D","01/03/2021","13",591975,55408,145,260,"AVAILABLE",10,,0.01,6,0.01
"D","01/03/2021","13",591975,56483,203,253,"AVAILABLE",5,,0.05,6,0.05
"D","01/03/2021","13",591975,64475,200,250,"AVAILABLE",8,,0.05,6,0.05
"D","01/03/2021","13",591975,67172,150,239,"AVAILABLE",8,,0.05,8,0.25
"D","01/03/2021","13",591975,79527,155,247,"AVAILABLE",8,,0.01,5.75,0.25
"D","01/03/2021","13",591975,88727,145,256,"AVAILABLE",8,,0.05,6.5,0.05
"D","01/03/2021","13",591975,93164,150,237,"AVAILABLE",8,,0.01,6.25,0.25
"D","01/03/2021","13",595644,34578,406,580,"AVAILABLE",10,,0,7.53,0
"D","01/03/2021","13",698953,16639,7,33,"AVAILABLE",15,,0,0,0
"D","01/03/2021","13",698953,17045,14,25,"UNAVAILABLE",11,,0,0,0
"D","01/03/2021","13",698953,37939,5,26,"UNAVAILABLE",14.7,,0,0,0
"D","01/03/2021","13",698953,52447,5,29,"UNAVAILABLE",11,,0,0,0
"D","01/03/2021","13",698953,59695,5,16,"AVAILABLE",7.5,,0,0,0
"D","01/03/2021","13",698953,66465,5,32,"AVAILABLE",15,,0,0,0
"D","01/03/2021","13",711583,10002,-1,1,"UNAVAILABLE",2,,0,0,0
"D","01/03/2021","13",711583,10004,-1,1,"AVAILABLE",10,,0,0,0
"D","01/03/2021","13",711583,56432,-2,2,"UNAVAILABLE",2,,0,0,0
"D","01/03/2021","13",711583,80285,-2,2,"UNAVAILABLE",2,,0,0,0
"D","01/03/2021","13",711583,86326,-2,2,"UNAVAILABLE",2,,0,0,0
"D","01/03/2021","13",732232,67022,-1.9,1.9,"AVAILABLE",100,,0,0,0
"D","01/03/2021","13",739738,19882,240,498.5,"UNAVAILABLE",15,,0,0,0
"D","01/03/2021","13",739738,58855,100,150,"UNAVAILABLE",5,,0,5,0
"D","01/03/2021","13",739738,70847,300,380,"AVAILABLE",4,,0,3,0
"D","01/03/2021","13",784897,46049,-1.5,0.5,"UNAVAILABLE",75,,0,0,0
"D","01/03/2021","13",784897,90321,-1.5,1.5,"UNAVAILABLE",250,,0,0,0
"D","01/03/2021","13",872788,21292,214,264,"AVAILABLE",10,,0.5,15,0
"D","01/03/2021","13",872788,37274,110,170,"AVAILABLE",5,,0.5,7,0
"D","01/03/2021","13",872788,72183,110,170,"AVAILABLE",5,,0.3,6,0
"D","01/03/2021","13",872788,76235,214,264,"AVAILABLE",10,,0.5,15,0
"D","01/03/2021","13",872788,92137,110,165,"AVAILABLE",5,,0.6,8,0
"D","01/03/2021","13",878461,54465,145,305,"AVAILABLE",12,,0.3,10,0.3
"D","01/03/2021","13",878461,83798,145,305,"AVAILABLE",12,,0.3,10,0.3
"D","01/03/2021","13",883543,11031,35,45,"UNAVAILABLE",10,,0,0,0
"D","01/03/2021","13",883543,19426,35,45,"UNAVAILABLE",10,,0,0,0
"D","01/03/2021","13",883543,84614,35,45,"UNAVAILABLE",10,,0,0,0
"D","01/03/2021","13",883543,84917,35,45,"UNAVAILABLE",10,,0,0,0
"D","01/03/2021","13",883543,86772,35,45,"UNAVAILABLE",10,,0,0,0
"D","01/03/2021","13",902793,17063,292,312,"AVAILABLE",4,,10,10,0
"D","01/03/2021","13",902793,48591,150,389,"AVAILABLE",3,,0,60,0
"D","01/03/2021","13",902793,63229,100,155,"AVAILABLE",3.5,,0.25,6,0.25
"D","01/03/2021","13",902793,79819,113,170,"AVAILABLE",4,,0.25,9,0.25
"D","01/03/2021","13",931075,64814,130,157,"AVAILABLE",3,,0,15,0
"D","01/03/2021","13",931987,42841,220,295,"AVAILABLE",25,,0.25,0,0
"D","01/03/2021","13",931987,81361,220,295,"UNAVAILABLE",25,,0.25,0,0
"D","01/03/2021","13",958512,60802,150,248,"AVAILABLE",5,,0.75,3,0
"D","01/03/2021","13",958512,77459,385.3,580.4,"AVAILABLE",19,,1.5,5,0
"D","01/03/2021","14",126216,16568,170,300,"AVAILABLE",3,,0,10,0
"D","01/03/2021","14",126216,65939,200,525,"AVAILABLE",3,,0,10,0
"D","01/03/2021","14",126216,86401,180,333,"AVAILABLE",3,,0,10,0
"D","01/03/2021","14",191345,95889,-1.5,1.5,"AVAILABLE",225,,0,0,0
"D","01/03/2021","14",196063,23404,47,57,"AVAILABLE",1,,10,6.5,0
"D","01/03/2021","14",205059,26606,-5.1,4.8,"AVAILABLE",750,,0,0,0
"D","01/03/2021","14",206845,29055,285,585,"AVAILABLE",3,,0,30,0
"D","01/03/2021","14",206845,31335,50,100,"AVAILABLE",1,,0,20,0
"D","01/03/2021","14",206845,67677,-16.7,16.2,"AVAILABLE",250,,0,0,0
"D","01/03/2021","14",212494,31662,271,381,"AVAILABLE",5.6,,0.05,6.72,0.05
"D","01/03/2021","14",212494,44171,163,267,"AVAILABLE",4,,0.06,6.82,0.06
"D","01/03/2021","14",212494,52323,206,349,"AVAILABLE",7.1,,0.07,6.7,0.07
"D","01/03/2021","14",212494,55388,171,281,"AVAILABLE",4,,0.07,6.77,0.07
"D","01/03/2021","14",212494,78679,271,372,"AVAILABLE",5.6,,0.06,6.75,0.06
"D","01/03/2021","14",212494,80076,216,359,"UNAVAILABLE",5.2,,0.08,6.8,0.08
"D","01/03/2021","14",292445,12097,44,48.5,"UNAVAILABLE",25,,0,0,100
"D","01/03/2021","14",292445,35696,38,47,"UNAVAILABLE",25,,0,0,80
"D","01/03/2021","14",292445,37352,38,47,"UNAVAILABLE",25,,0,0,80
"D","01/03/2021","14",292445,51737,0.5,47,"UNAVAILABLE",25,,0,0,80
"D","01/03/2021","14",292445,52317,38,47,"UNAVAILABLE",25,,0,0,80
"D","01/03/2021","14",292445,52400,20,22,"UNAVAILABLE",25,,0,0,100
"D","01/03/2021","14",292445,56935,44,48.5,"UNAVAILABLE",25,,0,0,100
"D","01/03/2021","14",292445,93720,8,38,"AVAILABLE",25,,0,0,100
"D","01/03/2021","14",292445,96291,44,48,"UNAVAILABLE",25,,0,0,100
"D","01/03/2021","14",295534,64231,360,565,"AVAILABLE",12,,0.19,3.99,0
"D","01/03/2021","14",328723,41406,311,525,"AVAILABLE",20,,0.19,4.99,0
"D","01/03/2021","14",328723,45714,145,256,"AVAILABLE",7,,0.19,3.99,0
"D","01/03/2021","14",328723,56535,168,288,"UNAVAILABLE",11,,0.19,4.99,0
"D","01/03/2021","14",331313,94830,70,80,"AVAILABLE",2,,0,5,0
"D","01/03/2021","14",412080,44623,55,70,"AVAILABLE",5,,0.05,10,0
"D","01/03/2021","14",412080,59383,55,70,"AVAILABLE",5,,0.05,10,0
"D","01/03/2021","14",412080,68657,90,98,"UNAVAILABLE",5,,5,49,0
"D","01/03/2021","14",412080,75042,82,97,"AVAILABLE",5,,0.05,10,0
"D","01/03/2021","14",412080,82179,82,97,"AVAILABLE",5,,0.1,10,0
"D","01/03/2021","14",474440,85953,-1,1,"UNAVAILABLE",10,,0,0,0
"D","01/03/2021","14",504170,11009,540,754,"AVAILABLE",15,,1,5,0
"D","01/03/2021","14",504170,60658,150,550,"AVAILABLE",4,,10,97.69,0
"D","01/03/2021","14",504170,72020,540,754,"AVAILABLE",15,,1,5,0
"D","01/03/2021","14",529988,29235,150,380,"UNAVAILABLE",2.5,,0,99,0
"D","01/03/2021","14",529988,54481,120,200,"UNAVAILABLE",1.5,,0,99,0
"D","01/03/2021","14",529988,54965,50,90,"UNAVAILABLE",1,,0,99,0
"D","01/03/2021","14",529988,96924,45,75,"UNAVAILABLE",1.5,,0,99,0
"D","01/03/2021","14",530232,62643,-20,20,"UNAVAILABLE",250,,0,0,0
"D","01/03/2021","14",547596,55289,45,65,"UNAVAILABLE",3.5,,10,90,10
"D","01/03/2021","14",582462,53298,130,292,"AVAILABLE",30,,10,49.95,49.95
"D","01/03/2021","14",582462,60188,130,292,"AVAILABLE",30,,0.1,5,5
"D","01/03/2021","14",582462,66602,130,292,"AVAILABLE",30,,10,49.95,49.95
"D","01/03/2021","14",582462,83099,130,292,"AVAILABLE",30,,10,49.95,49.95
"D","01/03/2021","14",591975,12297,145,254,"AVAILABLE",8,,0.05,6.25,0.05
"D","01/03/2021","14",591975,20846,202,266,"AVAILABLE",4,,0.01,9,0.01
"D","01/03/2021","14",591975,24780,145,258,"AVAILABLE",8,,0.05,6,0.05
"D","01/03/2021","14",591975,29587,150,235,"AVAILABLE",8,,0.25,8,0.25
"D","01/03/2021","14",591975,36992,145,260,"AVAILABLE",10,,0.01,6.25,0.01
"D","01/03/2021","14",591975,55408,145,260,"AVAILABLE",10,,0.01,6,0.01
"D","01/03/2021","14",591975,56483,202,252,"AVAILABLE",5,,0.05,6,0.05
"D","01/03/2021","14",591975,64475,200,250,"AVAILABLE",8,,0.05,6,0.05
"D","01/03/2021","14",591975,67172,150,238,"AVAILABLE",8,,0.05,8,0.25
"D","01/03/2021","14",591975,79527,155,246,"AVAILABLE",8,,0.01,5.75,0.25
"D","01/03/2021","14",591975,88727,145,256,"AVAILABLE",8,,0.05,6.5,0.05
"D","01/03/2021","14",591975,93164,150,235,"AVAILABLE",8,,0.01,6.25,0.25
"D","01/03/2021","14",595644,34578,406,580,"AVAILABLE",10,,0,7.53,0
"D","01/03/2021","14",698953,16639,7,33,"AVAILABLE",15,,0,0,0
"D","01/03/2021","14",698953,17045,14,25,"UNAVAILABLE",11,,0,0,0
"D","01/03/2021","14",698953,37939,5,26,"UNAVAILABLE",14.7,,0,0,0
"D","01/03/2021","14",698953,52447,5,29,"UNAVAILABLE",11,,0,0,0
"D","01/03/2021","14",698953,59695,5,16,"AVAILABLE",7.5,,0,0,0
"D","01/03/2021","14",698953,66465,5,32,"AVAILABLE",15,,0,0,0
"D","01/03/2021","14",711583,10002,-1,1,"UNAVAILABLE",2,,0,0,0
"D","01/03/2021","14",711583,10004,-1,1,"AVAILABLE",10,,0,0,0
"D","01/03/2021","14",711583,56432,-2,2,"UNAVAILABLE",2,,0,0,0
"D","01/03/2021","14",711583,80285,-2,2,"UNAVAILABLE",2,,0,0,0
"D","01/03/2021","14",711583,86326,-2,2,"UNAVAILABLE",2,,0,0,0
"D","01/03/2021","14",732232,67022,-1.9,1.9,"AVAILABLE",100,,0,0,0
"D","01/03/2021","14",739738,19882,240,497.2,"UNAVAILABLE",15,,0,0,0
"D","01/03/2021","14",739738,58855,100,150,"UNAVAILABLE",5,,0,5,0
"D","01/03/2021","14",739738,70847,300,380,"AVAILABLE",4,,0,3,0
"D","01/03/2021","14",784897,46049,-1.5,0.5,"UNAVAILABLE",75,,0,0,0
"D","01/03/2021","14",784897,90321,-1.5,1.5,"UNAVAILABLE",250,,0,0,0
"D","01/03/2021","14",872788,21292,214,264,"AVAILABLE",10,,0.5,15,0
"D","01/03/2021","14",872788,37274,110,170,"AVAILABLE",5,,0.5,7,0
"D","01/03/2021","14",872788,72183,110,170,"AVAILABLE",5,,0.3,6,0
"D","01/03/2021","14",872788,76235,214,264,"AVAILABLE",10,,0.5,15,0
"D","01/03/2021","14",872788,92137,110,165,"AVAILABLE",5,,0.6,8,0
"D","01/03/2021","14",878461,54465,145,305,"AVAILABLE",12,,0.3,10,0.3
"D","01/03/2021","14",878461,83798,145,305,"AVAILABLE",12,,0.3,10,0.3
"D","01/03/2021","14",883543,11031,35,45,"UNAVAILABLE",10,,0,0,0
"D","01/03/2021","14",883543,19426,35,45,"UNAVAILABLE",10,,0,0,0
"D","01/03/2021","14",883543,84614,35,45,"UNAVAILABLE",10,,0,0,0
"D","01/03/2021","14",883543,84917,35,45,"UNAVAILABLE",10,,0,0,0
"D","01/03/2021","14",883543,86772,35,45,"UNAVAILABLE",10,,0,0,0
"D","01/03/2021","14",902793,17063,292,312,"AVAILABLE",4,,10,10,0
"D","01/03/2021","14",902793,48591,150,389,"AVAILABLE",3,,0,60,0
"D","01/03/2021","14",902793,63229,100,155,"AVAILABLE",3.5,,0.25,6,0.25
"D","01/03/2021","14",902793,79819,113,170,"AVAILABLE",4,,0.25,9,0.25
"D","01/03/2021","14",931075,64814,130,157,"AVAILABLE",3,,0,15,0
"D","01/03/2021","14",931987,42841,220,295,"AVAILABLE",25,,0.25,0,0
"D","01/03/2021","14",931987,81361,220,295,"UNAVAILABLE",25,,0.25,0,0
"D","01/03/2021","14",958512,60802,150,248,"AVAILABLE",5,,0.75,3,0
"D","01/03/2021","14",958512,77459,384.6,580.5,"AVAILABLE",19,,1.5,5,0
"D","01/03/2021","15",126216,16568,170,300,"AVAILABLE",3,,0,10,0
"D","01/03/2021","15",126216,65939,200,525,"AVAILABLE",3,,0,10,0
"D","01/03/2021","15",126216,86401,180,333,"AVAILABLE",3,,0,10,0
"D","01/03/2021","15",191345,95889,-1.5,1.5,"UNAVAILABLE",999,,0,0,0
"D","01/03/2021","15",196063,23404,47,57,"AVAILABLE",1,,10,6.5,0
"D","01/03/2021","15",205059,26606,-0.7,0.7,"AVAILABLE",375,,0,0,0
"D","01/03/2021","15",206845,29055,285,585,"AVAILABLE",3,,0,30,0
"D","01/03/2021","15",206845,31335,50,100,"AVAILABLE",1,,0,20,0
"D","01/03/2021","15",206845,67677,-16.7,16.2,"AVAILABLE",250,,0,0,0
"D","01/03/2021","15",212494,31662,271,381.5,"AVAILABLE",5.6,,0.05,6.72,0.05
"D","01/03/2021","15",212494,44171,163,267,"AVAILABLE",4,,0.06,6.82,0.06
"D","01/03/2021","15",212494,52323,206,349,"AVAILABLE",7.1,,0.07,6.7,0.07
"D","01/03/2021","15",212494,55388,171,281,"AVAILABLE",4,,0.07,6.77,0.07
"D","01/03/2021","15",212494,78679,271,372,"AVAILABLE",5.6,,0.06,6.75,0.06
"D","01/03/2021","15",212494,80076,216,358,"UNAVAILABLE",5.2,,0.08,6.8,0.08
"D","01/03/2021","15",292445,12097,44,48.5,"UNAVAILABLE",25,,0,0,100
"D","01/03/2021","15",292445,35696,38,47,"UNAVAILABLE",25,,0,0,80
"D","01/03/2021","15",292445,37352,38,47,"UNAVAILABLE",25,,0,0,80
"D","01/03/2021","15",292445,51737,0.5,47,"UNAVAILABLE",25,,0,0,80
"D","01/03/2021","15",292445,52317,38,47,"UNAVAILABLE",25,,0,0,80
"D","01/03/2021","15",292445,52400,20,22,"UNAVAILABLE",25,,0,0,100
"D","01/03/2021","15",292445,56935,44,48.5,"UNAVAILABLE",25,,0,0,100
"D","01/03/2021","15",292445,93720,8,38,"AVAILABLE",25,,0,0,100
"D","01/03/2021","15",292445,96291,44,48,"UNAVAILABLE",25,,0,0,100
"D","01/03/2021","15",295534,64231,360,565,"AVAILABLE",12,,0.19,3.99,0
"D","01/03/2021","15",328723,41406,311,525,"AVAILABLE",20,,0.19,4.99,0
"D","01/03/2021","15",328723,45714,145,256,"AVAILABLE",7,,0.19,3.99,0
"D","01/03/2021","15",328723,56535,168,288,"UNAVAILABLE",11,,0.19,4.99,0
"D","01/03/2021","15",331313,94830,70,80,"AVAILABLE",2,,0,5,0
"D","01/03/2021","15",412080,44623,55,70,"AVAILABLE",5,,0.05,10,0
"D","01/03/2021","15",412080,59383,55,70,"AVAILABLE",5,,0.05,10,0
"D","01/03/2021","15",412080,68657,90,98,"UNAVAILABLE",5,,5,49,0
"D","01/03/2021","15",412080,75042,82,97,"AVAILABLE",5,,0.05,10,0
"D","01/03/2021","15",412080,82179,82,97,"AVAILABLE",5,,0.1,10,0
"D","01/03/2021","15",474440,85953,-1,1,"UNAVAILABLE",10,,0,0,0
"D","01/03/2021","15",504170,11009,540,754,"AVAILABLE",15,,1,5,0
"D","01/03/2021","15",504170,60658,150,550,"AVAILABLE",4,,10,97.69,0
"D","01/03/2021","15",504170,72020,540,754,"AVAILABLE",15,,1,5,0
"D","01/03/2021","15",529988,29235,150,380,"UNAVAILABLE",2.5,,0,99,0
"D","01/03/2021","15",529988,54481,120,200,"UNAVAILABLE",1.5,,0,99,0
"D","01/03/2021","15",529988,54965,50,90,"UNAVAILABLE",1,,0,99,0
"D","01/03/2021","15",529988,96924,45,75,"UNAVAILABLE",1.5,,0,99,0
"D","01/03/2021","15",530232,62643,-20,20,"UNAVAILABLE",250,,0,0,0
"D","01/03/2021","15",547596,55289,45,65,"UNAVAILABLE",3.5,,10,90,10
"D","01/03/2021","15",582462,53298,130,292,"AVAILABLE",30,,10,49.95,49.95
"D","01/03/2021","15",582462,60188,130,292,"AVAILABLE",30,,0.1,5,5
"D","01/03/2021","15",582462,66602,130,292,"AVAILABLE",30,,10,49.95,49.95
"D","01/03/2021","15",582462,83099,130,292,"AVAILABLE",30,,10,49.95,49.95
"D","01/03/2021","15",591975,12297,145,254,"AVAILABLE",8,,0.05,6.25,0.05
"D","01/03/2021","15",591975,20846,202,266,"AVAILABLE",4,,0.01,9,0.01
"D","01/03/2021","15",591975,24780,145,257,"AVAILABLE",8,,0.05,6,0.05
"D","01/03/2021","15",591975,29587,150,234,"AVAILABLE",8,,0.25,8,0.25
"D","01/03/2021","15",591975,36992,145,259,"AVAILABLE",10,,0.01,6.25,0.01
"D","01/03/2021","15",591975,55408,145,259,"AVAILABLE",10,,0.01,6,0.01
"D","01/03/2021","15",591975,56483,202,252,"AVAILABLE",5,,0.05,6,0.05
"D","01/03/2021","15",591975,64475,199,249,"AVAILABLE",8,,0.05,6,0.05
"D","01/03/2021","15",591975,67172,150,238,"AVAILABLE",8,,0.05,8,0.25
"D","01/03/2021","15",591975,79527,155,246,"AVAILABLE",8,,0.01,5.75,0.25
"D","01/03/2021","15",591975,88727,145,255,"AVAILABLE",8,,0.05,6.5,0.05
"D","01/03/2021","15",591975,93164,150,235,"AVAILABLE",8,,0.01,6.25,0.25
"D","01/03/2021","15",595644,34578,406,578,"AVAILABLE",10,,0,7.53,0
"D","01/03/2021","15",698953,16639,7,33,"AVAILABLE",15,,0,0,0
"D","01/03/2021","15",698953,17045,14,25,"UNAVAILABLE",11,,0,0,0
"D","01/03/2021","15",698953,37939,5,26,"UNAVAILABLE",14.7,,0,0,0
"D","01/03/2021","15",698953,52447,5,29,"UNAVAILABLE",11,,0,0,0
"D","01/03/2021","15",698953,59695,5,16,"AVAILABLE",7.5,,0,0,0
"D","01/03/2021","15",698953,66465,5,32,"AVAILABLE",15,,0,0,0
"D","01/03/2021","15",711583,10002,-1,1,"UNAVAILABLE",2,,0,0,0
"D","01/03/2021","15",711583,10004,-1,1,"AVAILABLE",10,,0,0,0
"D","01/03/2021","15",711583,56432,-2,2,"UNAVAILABLE",2,,0,0,0
"D","01/03/2021","15",711583,80285,-2,2,"UNAVAILABLE",2,,0,0,0
"D","01/03/2021","15",711583,86326,-2,2,"UNAVAILABLE",2,,0,0,0
"D","01/03/2021","15",732232,67022,-1.9,1.9,"AVAILABLE",100,,0,0,0
"D","01/03/2021","15",739738,19882,240,496.9,"UNAVAILABLE",15,,0,0,0
"D","01/03/2021","15",739738,58855,100,150,"UNAVAILABLE",5,,0,5,0
"D","01/03/2021","15",739738,70847,300,380,"AVAILABLE",4,,0,3,0
"D","01/03/2021","15",784897,46049,-1.5,0.5,"UNAVAILABLE",75,,0,0,0
"D","01/03/2021","15",784897,90321,-1.5,1.5,"UNAVAILABLE",250,,0,0,0
"D","01/03/2021","15",872788,21292,216,266,"AVAILABLE",10,,0.5,15,0
"D","01/03/2021","15",872788,37274,110,170,"AVAILABLE",5,,0.5,7,0
"D","01/03/2021","15",872788,72183,110,170,"AVAILABLE",5,,0.3,6,0
"D","01/03/2021","15",872788,76235,216,266,"AVAILABLE",10,,0.5,15,0
"D","01/03/2021","15",872788,92137,110,165,"AVAILABLE",5,,0.6,8,0
"D","01/03/2021","15",878461,54465,145,305,"AVAILABLE",12,,0.3,10,0.3
"D","01/03/2021","15",878461,83798,145,305,"AVAILABLE",12,,0.3,10,0.3
"D","01/03/2021","15",883543,11031,35,45,"UNAVAILABLE",10,,0,0,0
"D","01/03/2021","15",883543,19426,35,45,"UNAVAILABLE",10,,0,0,0
"D","01/03/2021","15",883543,84614,35,45,"UNAVAILABLE",10,,0,0,0
"D","01/03/2021","15",883543,84917,35,45,"UNAVAILABLE",10,,0,0,0
"D","01/03/2021","15",883543,86772,35,45,"UNAVAILABLE",10,,0,0,0
"D","01/03/2021","15",902793,17063,292,312,"AVAILABLE",4,,10,10,0
"D","01/03/2021","15",902793,48591,150,389,"AVAILABLE",3,,0,60,0
"D","01/03/2021","15",902793,63229,100,155,"AVAILABLE",3.5,,0.25,6,0.25
"D","01/03/2021","15",902793,79819,113,170,"AVAILABLE",4,,0.25,9,0.25
"D","01/03/2021","15",931075,64814,130,157,"AVAILABLE",3,,0,15,0
"D","01/03/2021","15",931987,42841,220,295,"AVAILABLE",25,,0.25,0,0
"D","01/03/2021","15",931987,81361,220,295,"UNAVAILABLE",25,,0.25,0,0
"D","01/03/2021","15",958512,60802,150,247,"AVAILABLE",5,,0.75,3,0
"D","01/03/2021","15",958512,77459,384.6,580.5,"AVAILABLE",19,,1.5,5,0
"D","01/03/2021","16",126216,16568,170,300,"AVAILABLE",3,,0,10,0
"D","01/03/2021","16",126216,65939,200,525,"AVAILABLE",3,,0,10,0
"D","01/03/2021","16",126216,86401,180,333,"AVAILABLE",3,,0,10,0
"D","01/03/2021","16",191345,95889,-1.5,1.5,"AVAILABLE",115,,0,0,0
"D","01/03/2021","16",196063,23404,47,57,"AVAILABLE",1,,10,6.5,0
"D","01/03/2021","16",205059,26606,-5,5,"UNAVAILABLE",999,,0,0,0
"D","01/03/2021","16",206845,29055,285,585,"AVAILABLE",3,,0,30,0
"D","01/03/2021","16",206845,31335,50,100,"AVAILABLE",1,,0,20,0
"D","01/03/2021","16",206845,67677,-14.6,14.1,"AVAILABLE",250,,0,0,0
"D","01/03/2021","16",212494,31662,271,382,"AVAILABLE",5.6,,0.05,6.72,0.05
"D","01/03/2021","16",212494,44171,163,267,"AVAILABLE",4,,0.06,6.82,0.06
"D","01/03/2021","16",212494,52323,206,349,"AVAILABLE",7.1,,0.07,6.7,0.07
"D","01/03/2021","16",212494,55388,171,281,"AVAILABLE",4,,0.07,6.77,0.07
"D","01/03/2021","16",212494,78679,271,373,"AVAILABLE",5.6,,0.06,6.75,0.06
"D","01/03/2021","16",212494,80076,217,359,"UNAVAILABLE",5.2,,0.08,6.8,0.08
"D","01/03/2021","16",292445,12097,44,48.5,"UNAVAILABLE",25,,0,0,100
"D","01/03/2021","16",292445,35696,38,47,"UNAVAILABLE",25,,0,0,80
"D","01/03/2021","16",292445,37352,38,47,"UNAVAILABLE",25,,0,0,80
"D","01/03/2021","16",292445,51737,0.5,47,"UNAVAILABLE",25,,0,0,80
"D","01/03/2021","16",292445,52317,38,47,"UNAVAILABLE",25,,0,0,80
"D","01/03/2021","16",292445,52400,20,22,"UNAVAILABLE",25,,0,0,100
"D","01/03/2021","16",292445,56935,44,48.5,"UNAVAILABLE",25,,0,0,100
"D","01/03/2021","16",292445,93720,8,38,"AVAILABLE",25,,0,0,100
"D","01/03/2021","16",292445,96291,44,48,"UNAVAILABLE",25,,0,0,100
"D","01/03/2021","16",295534,64231,360,565,"AVAILABLE",12,,0.19,3.99,0
"D","01/03/2021","16",328723,41406,311,525,"AVAILABLE",20,,0.19,4.99,0
"D","01/03/2021","16",328723,45714,145,257,"AVAILABLE",7,,0.19,3.99,0
"D","01/03/2021","16",328723,56535,168,288,"UNAVAILABLE",11,,0.19,4.99,0
"D","01/03/2021","16",331313,94830,70,80,"AVAILABLE",2,,0,5,0
"D","01/03/2021","16",412080,44623,55,70,"AVAILABLE",5,,0.05,10,0
"D","01/03/2021","16",412080,59383,55,70,"AVAILABLE",5,,0.05,10,0
"D","01/03/2021","16",412080,68657,90,98,"UNAVAILABLE",5,,5,49,0
"D","01/03/2021","16",412080,75042,82,97,"AVAILABLE",5,,0.05,10,0
"D","01/03/2021","16",412080,82179,82,97,"AVAILABLE",5,,0.1,10,0
"D","01/03/2021","16",474440,85953,-1,1,"UNAVAILABLE",10,,0,0,0
"D","01/03/2021","16",504170,11009,540,753,"AVAILABLE",15,,1,5,0
"D","01/03/2021","16",504170,60658,150,550,"AVAILABLE",4,,10,97.69,0
"D","01/03/2021","16",504170,72020,540,753,"AVAILABLE",15,,1,5,0
"D","01/03/2021","16",529988,29235,150,380,"UNAVAILABLE",2.5,,0,99,0
"D","01/03/2021","16",529988,54481,120,200,"UNAVAILABLE",1.5,,0,99,0
"D","01/03/2021","16",529988,54965,50,90,"UNAVAILABLE",1,,0,99,0
"D","01/03/2021","16",529988,96924,45,75,"UNAVAILABLE",1.5,,0,99,0
"D","01/03/2021","16",530232,62643,-20,20,"UNAVAILABLE",250,,0,0,0
"D","01/03/2021","16",547596,55289,45,65,"UNAVAILABLE",3.5,,10,90,10
"D","01/03/2021","16",582462,53298,130,292,"AVAILABLE",30,,10,49.95,49.95
"D","01/03/2021","16",582462,60188,130,292,"AVAILABLE",30,,0.1,5,5
"D","01/03/2021","16",582462,66602,130,292,"AVAILABLE",30,,10,49.95,49.95
"D","01/03/2021","16",582462,83099,130,292,"AVAILABLE",30,,10,49.95,49.95
"D","01/03/2021","16",591975,12297,145,254,"AVAILABLE",8,,0.05,6.25,0.05
"D","01/03/2021","16",591975,20846,202,266,"AVAILABLE",4,,0.01,9,0.01
"D","01/03/2021","16",591975,24780,145,257,"AVAILABLE",8,,0.05,6,0.05
"D","01/03/2021","16",591975,29587,150,234,"AVAILABLE",8,,0.25,8,0.25
"D","01/03/2021","16",591975,36992,145,259,"AVAILABLE",10,,0.01,6.25,0.01
"D","01/03/2021","16",591975,55408,145,259,"AVAILABLE",10,,0.01,6,0.01
"D","01/03/2021","16",591975,56483,202,252,"AVAILABLE",5,,0.05,6,0.05
"D","01/03/2021","16",591975,64475,199,249,"AVAILABLE",8,,0.05,6,0.05
"D","01/03/2021","16",591975,67172,150,238,"AVAILABLE",8,,0.05,8,0.25
"D","01/03/2021","16",591975,79527,155,245,"AVAILABLE",8,,0.01,5.75,0.25
"D","01/03/2021","16",591975,88727,145,255,"AVAILABLE",8,,0.05,6.5,0.05
"D","01/03/2021","16",591975,93164,150,235,"AVAILABLE",8,,0.01,6.25,0.25
"D","01/03/2021","16",595644,34578,406,579,"AVAILABLE",10,,0,7.53,0
"D","01/03/2021","16",698953,16639,7,33,"AVAILABLE",15,,0,0,0
"D","01/03/2021","16",698953,17045,14,25,"UNAVAILABLE",11,,0,0,0
"D","01/03/2021","16",698953,37939,5,26,"UNAVAILABLE",14.7,,0,0,0
"D","01/03/2021","16",698953,52447,5,29,"UNAVAILABLE",11,,0,0,0
"D","01/03/2021","16",698953,59695,5,16,"AVAILABLE",7.5,,0,0,0
"D","01/03/2021","16",698953,66465,5,32,"AVAILABLE",15,,0,0,0
"D","01/03/2021","16",711583,10002,-1,1,"UNAVAILABLE",2,,0,0,0
"D","01/03/2021","16",711583,10004,-1,1,"AVAILABLE",10,,0,0,0
"D","01/03/2021","16",711583,56432,-2,2,"UNAVAILABLE",2,,0,0,0
"D","01/03/2021","16",711583,80285,-2,2,"UNAVAILABLE",2,,0,0,0
"D","01/03/2021","16",711583,86326,-2,2,"UNAVAILABLE",2,,0,0,0
"D","01/03/2021","16",732232,67022,-1.9,1.9,"AVAILABLE",100,,0,0,0
"D","01/03/2021","16",739738,19882,240,496.6,"UNAVAILABLE",15,,0,0,0
"D","01/03/2021","16",739738,58855,100,150,"UNAVAILABLE",5,,0,5,0
"D","01/03/2021","16",739738,70847,300,380,"AVAILABLE",4,,0,3,0
"D","01/03/2021","16",784897,46049,-1.5,0.5,"UNAVAILABLE",75,,0,0,0
"D","01/03/2021","16",784897,90321,-1.5,1.5,"UNAVAILABLE",250,,0,0,0
"D","01/03/2021","16",872788,21292,216,266,"AVAILABLE",10,,0.5,15,0
"D","01/03/2021","16",872788,37274,110,170,"AVAILABLE",5,,0.5,7,0
"D","01/03/2021","16",872788,72183,110,170,"AVAILABLE",5,,0.3,6,0
"D","01/03/2021","16",872788,76235,216,266,"AVAILABLE",10,,0.5,15,0
"D","01/03/2021","16",872788,92137,110,165,"AVAILABLE",5,,0.6,8,0
"D","01/03/2021","16",878461,54465,145,305,"AVAILABLE",12,,0.3,10,0.3
"D","01/03/2021","16",878461,83798,145,305,"AVAILABLE",12,,0.3,10,0.3
"D","01/03/2021","16",883543,11031,35,45,"UNAVAILABLE",10,,0,0,0
"D","01/03/2021","16",883543,19426,35,45,"UNAVAILABLE",10,,0,0,0
"D","01/03/2021","16",883543,84614,35,45,"UNAVAILABLE",10,,0,0,0
"D","01/03/2021","16",883543,84917,35,45,"UNAVAILABLE",10,,0,0,0
"D","01/03/2021","16",883543,86772,35,45,"UNAVAILABLE",10,,0,0,0
"D","01/03/2021","16",902793,17063,291,311,"AVAILABLE",4,,10,10,0
"D","01/03/2021","16",902793,48591,150,389,"AVAILABLE",3,,0,60,0
"D","01/03/2021","16",902793,63229,100,155,"AVAILABLE",3.5,,0.25,6,0.25
"D","01/03/2021","16",902793,79819,113,170,"AVAILABLE",4,,0.25,9,0.25
"D","01/03/2021","16",931075,64814,130,157,"AVAILABLE",3,,0,15,0
"D","01/03/2021","16",931987,42841,220,295,"AVAILABLE",25,,0.25,0,0
"D","01/03/2021","16",931987,81361,220,295,"UNAVAILABLE",25,,0.25,0,0
"D","01/03/2021","16",958512,60802,150,247,"AVAILABLE",5,,0.75,3,0
"D","01/03/2021","16",958512,77459,384.6,580.5,"AVAILABLE",19,,1.5,5,0
"D","01/03/2021","17",126216,16568,170,300,"AVAILABLE",3,,0,10,0
"D","01/03/2021","17",126216,65939,200,525,"AVAILABLE",3,,0,10,0
"D","01/03/2021","17",126216,86401,180,333,"AVAILABLE",3,,0,10,0
"D","01/03/2021","17",191345,95889,-1.5,1.5,"AVAILABLE",115,,0,0,0
"D","01/03/2021","17",196063,23404,47,57,"AVAILABLE",1,,10,6.5,0
"D","01/03/2021","17",205059,26606,-3.3,3.1,"AVAILABLE",375,,0,0,0
"D","01/03/2021","17",206845,29055,285,585,"AVAILABLE",3,,0,30,0
"D","01/03/2021","17",206845,31335,50,100,"AVAILABLE",1,,0,20,0
"D","01/03/2021","17",206845,67677,-14.6,14.1,"AVAILABLE",250,,0,0,0
"D","01/03/2021","17",212494,31662,272,382.5,"AVAILABLE",5.6,,0.05,6.72,0.05
"D","01/03/2021","17",212494,44171,163,268,"AVAILABLE",4,,0.06,6.82,0.06
"D","01/03/2021","17",212494,52323,208,351,"AVAILABLE",7.1,,0.07,6.7,0.07
"D","01/03/2021","17",212494,55388,171,282,"AVAILABLE",4,,0.07,6.77,0.07
"D","01/03/2021","17",212494,78679,272,374,"AVAILABLE",5.6,,0.06,6.75,0.06
"D","01/03/2021","17",212494,80076,218,360,"UNAVAILABLE",5.2,,0.08,6.8,0.08
"D","01/03/2021","17",292445,12097,44,48.5,"UNAVAILABLE",25,,0,0,100
"D","01/03/2021","17",292445,35696,38,47,"UNAVAILABLE",25,,0,0,80
"D","01/03/2021","17",292445,37352,38,47,"UNAVAILABLE",25,,0,0,80
"D","01/03/2021","17",292445,51737,0.5,47,"UNAVAILABLE",25,,0,0,80
"D","01/03/2021","17",292445,52317,38,47,"UNAVAILABLE",25,,0,0,80
"D","01/03/2021","17",292445,52400,20,22,"UNAVAILABLE",25,,0,0,100
"D","01/03/2021","17",292445,56935,44,48.5,"UNAVAILABLE",25,,0,0,100
"D","01/03/2021","17",292445,93720,8,38,"AVAILABLE",25,,0,0,100
"D","01/03/2021","17",292445,96291,44,48,"UNAVAILABLE",25,,0,0,100
"D","01/03/2021","17",295534,64231,360,565,"AVAILABLE",12,,0.19,3.99,0
"D","01/03/2021","17",328723,41406,311,525,"AVAILABLE",20,,0.19,4.99,0
"D","01/03/2021","17",328723,45714,145,257,"AVAILABLE",7,,0.19,3.99,0
"D","01/03/2021","17",328723,56535,168,289,"UNAVAILABLE",11,,0.19,4.99,0
"D","01/03/2021","17",331313,94830,70,80,"AVAILABLE",2,,0,5,0
"D","01/03/2021","17",412080,44623,55,70,"AVAILABLE",5,,0.05,10,0
"D","01/03/2021","17",412080,59383,55,70,"AVAILABLE",5,,0.05,10,0
"D","01/03/2021","17",412080,68657,90,98,"UNAVAILABLE",5,,5,49,0
"D","01/03/2021","17",412080,75042,82,97,"AVAILABLE",5,,0.05,10,0
"D","01/03/2021","17",412080,82179,82,97,"AVAILABLE",5,,0.1,10,0
"D","01/03/2021","17",474440,85953,-1,1,"UNAVAILABLE",10,,0,0,0
"D","01/03/2021","17",504170,11009,540,753,"AVAILABLE",15,,1,5,0
"D","01/03/2021","17",504170,60658,150,550,"AVAILABLE",4,,10,97.69,0
"D","01/03/2021","17",504170,72020,540,753,"AVAILABLE",15,,1,5,0
"D","01/03/2021","17",529988,29235,150,380,"UNAVAILABLE",2.5,,0,99,0
"D","01/03/2021","17",529988,54481,120,200,"UNAVAILABLE",1.5,,0,99,0
"D","01/03/2021","17",529988,54965,50,90,"UNAVAILABLE",1,,0,99,0
"D","01/03/2021","17",529988,96924,45,75,"UNAVAILABLE",1.5,,0,99,0
"D","01/03/2021","17",530232,62643,-20,20,"UNAVAILABLE",250,,0,0,0
"D","01/03/2021","17",547596,55289,45,65,"UNAVAILABLE",3.5,,10,90,10
"D","01/03/2021","17",582462,53298,130,292,"AVAILABLE",30,,10,49.95,49.95
"D","01/03/2021","17",582462,60188,130,292,"AVAILABLE",30,,0.1,5,5
"D","01/03/2021","17",582462,66602,130,292,"AVAILABLE",30,,10,49.95,49.95
"D","01/03/2021","17",582462,83099,130,292,"AVAILABLE",30,,10,49.95,49.95
"D","01/03/2021","17",591975,12297,145,254,"AVAILABLE",8,,0.05,6.25,0.05
"D","01/03/2021","17",591975,20846,203,267,"AVAILABLE",4,,0.01,9,0.01
"D","01/03/2021","17",591975,24780,145,257,"AVAILABLE",8,,0.05,6,0.05
"D","01/03/2021","17",591975,29587,150,234,"AVAILABLE",8,,0.25,8,0.25
"D","01/03/2021","17",591975,36992,145,260,"AVAILABLE",10,,0.01,6.25,0.01
"D","01/03/2021","17",591975,55408,145,260,"AVAILABLE",10,,0.01,6,0.01
"D","01/03/2021","17",591975,56483,201,251,"AVAILABLE",5,,0.05,6,0.05
"D","01/03/2021","17",591975,64475,199,249,"AVAILABLE",8,,0.05,6,0.05
"D","01/03/2021","17",591975,67172,150,238,"AVAILABLE",8,,0.05,8,0.25
"D","01/03/2021","17",591975,79527,155,245,"AVAILABLE",8,,0.01,5.75,0.25
"D","01/03/2021","17",591975,88727,145,255,"AVAILABLE",8,,0.05,6.5,0.05
"D","01/03/2021","17",591975,93164,150,235,"AVAILABLE",8,,0.01,6.25,0.25
"D","01/03/2021","17",595644,34578,406,579,"AVAILABLE",10,,0,7.53,0
"D","01/03/2021","17",698953,16639,7,33,"AVAILABLE",15,,0,0,0
"D","01/03/2021","17",698953,17045,14,25,"UNAVAILABLE",11,,0,0,0
"D","01/03/2021","17",698953,37939,5,26,"UNAVAILABLE",14.7,,0,0,0
"D","01/03/2021","17",698953,52447,5,29,"UNAVAILABLE",11,,0,0,0
"D","01/03/2021","17",698953,59695,5,16,"AVAILABLE",7.5,,0,0,0
"D","01/03/2021","17",698953,66465,5,32,"AVAILABLE",15,,0,0,0
"D","01/03/2021","17",711583,10002,-1,1,"UNAVAILABLE",2,,0,0,0
"D","01/03/2021","17",711583,10004,-1,1,"AVAILABLE",10,,0,0,0
"D","01/03/2021","17",711583,56432,-2,2,"UNAVAILABLE",2,,0,0,0
"D","01/03/2021","17",711583,80285,-2,2,"UNAVAILABLE",2,,0,0,0
"D","01/03/2021","17",711583,86326,-2,2,"UNAVAILABLE",2,,0,0,0
"D","01/03/2021","17",732232,67022,-1.9,1.9,"AVAILABLE",100,,0,0,0
"D","01/03/2021","17",739738,19882,240,496.3,"UNAVAILABLE",15,,0,0,0
"D","01/03/2021","17",739738,58855,100,150,"UNAVAILABLE",5,,0,5,0
"D","01/03/2021","17",739738,70847,300,380,"AVAILABLE",4,,0,3,0
"D","01/03/2021","17",784897,46049,-1.5,0.5,"UNAVAILABLE",75,,0,0,0
"D","01/03/2021","17",784897,90321,-1.5,1.5,"UNAVAILABLE",250,,0,0,0
"D","01/03/2021","17",872788,21292,216,266,"AVAILABLE",10,,0.5,15,0
"D","01/03/2021","17",872788,37274,110,170,"AVAILABLE",5,,0.5,7,0
"D","01/03/2021","17",872788,72183,110,170,"AVAILABLE",5,,0.3,6,0
"D","01/03/2021","17",872788,76235,216,266,"AVAILABLE",10,,0.5,15,0
"D","01/03/2021","17",872788,92137,110,165,"AVAILABLE",5,,0.6,8,0
"D","01/03/2021","17",878461,54465,145,305,"AVAILABLE",12,,0.3,10,0.3
"D","01/03/2021","17",878461,83798,145,305,"AVAILABLE",12,,0.3,10,0.3
"D","01/03/2021","17",883543,11031,35,45,"UNAVAILABLE",10,,0,0,0
"D","01/03/2021","17",883543,19426,35,45,"UNAVAILABLE",10,,0,0,0
"D","01/03/2021","17",883543,84614,35,45,"UNAVAILABLE",10,,0,0,0
"D","01/03/2021","17",883543,84917,35,45,"UNAVAILABLE",10,,0,0,0
"D","01/03/2021","17",883543,86772,35,45,"UNAVAILABLE",10,,0,0,0
"D","01/03/2021","17",902793,17063,291,311,"AVAILABLE",4,,10,10,0
"D","01/03/2021","17",902793,48591,150,389,"AVAILABLE",3,,0,60,0
"D","01/03/2021","17",902793,63229,100,155,"AVAILABLE",3.5,,0.25,6,0.25
"D","01/03/2021","17",902793,79819,113,170,"AVAILABLE",4,,0.25,9,0.25
"D","01/03/2021","17",931075,64814,130,157,"AVAILABLE",3,,0,15,0
"D","01/03/2021","17",931987,42841,220,295,"AVAILABLE",25,,0.25,0,0
"D","01/03/2021","17",931987,81361,220,295,"UNAVAILABLE",25,,0.25,0,0
"D","01/03/2021","17",958512,60802,150,247,"AVAILABLE",5,,0.75,3,0
"D","01/03/2021","17",958512,77459,386,581,"AVAILABLE",19,,1.5,5,0
"D","01/03/2021","18",126216,16568,170,300,"AVAILABLE",3,,0,10,0
"D","01/03/2021","18",126216,65939,200,525,"AVAILABLE",3,,0,10,0
"D","01/03/2021","18",126216,86401,180,333,"AVAILABLE",3,,0,10,0
"D","01/03/2021","18",191345,95889,-1.5,1.5,"AVAILABLE",225,,0,0,0
"D","01/03/2021","18",196063,23404,47,57,"AVAILABLE",1,,10,6.5,0
"D","01/03/2021","18",205059,26606,-5.1,4.8,"AVAILABLE",750,,0,0,0
"D","01/03/2021","18",206845,29055,285,585,"AVAILABLE",3,,0,30,0
"D","01/03/2021","18",206845,31335,50,100,"AVAILABLE",1,,0,20,0
"D","01/03/2021","18",206845,67677,-14.6,14.1,"UNAVAILABLE",250,,0,0,0
"D","01/03/2021","18",212494,31662,272,382.5,"AVAILABLE",5.6,,0.05,6.72,0.05
"D","01/03/2021","18",212494,44171,163,269,"AVAILABLE",4,,0.06,6.82,0.06
"D","01/03/2021","18",212494,52323,207,350,"AVAILABLE",7.1,,0.07,6.7,0.07
"D","01/03/2021","18",212494,55388,171,284,"AVAILABLE",4,,0.07,6.77,0.07
"D","01/03/2021","18",212494,78679,272,374,"AVAILABLE",5.6,,0.06,6.75,0.06
"D","01/03/2021","18",212494,80076,217,359,"UNAVAILABLE",5.2,,0.08,6.8,0.08
"D","01/03/2021","18",292445,12097,44,48.5,"UNAVAILABLE",25,,0,0,100
"D","01/03/2021","18",292445,35696,38,47,"UNAVAILABLE",25,,0,0,80
"D","01/03/2021","18",292445,37352,38,47,"UNAVAILABLE",25,,0,0,80
"D","01/03/2021","18",292445,51737,0.5,47,"UNAVAILABLE",25,,0,0,80
"D","01/03/2021","18",292445,52317,38,47,"UNAVAILABLE",25,,0,0,80
"D","01/03/2021","18",292445,52400,20,22,"UNAVAILABLE",25,,0,0,100
"D","01/03/2021","18",292445,56935,44,48.5,"UNAVAILABLE",25,,0,0,100
"D","01/03/2021","18",292445,93720,8,38,"AVAILABLE",25,,0,0,100
"D","01/03/2021","18",292445,96291,44,48,"UNAVAILABLE",25,,0,0,100
"D","01/03/2021","18",295534,64231,360,565,"AVAILABLE",12,,0.19,3.99,0
"D","01/03/2021","18",328723,41406,311,495,"AVAILABLE",20,,0.19,4.99,0
"D","01/03/2021","18",328723,45714,145,258,"AVAILABLE",7,,0.19,3.99,0
"D","01/03/2021","18",328723,56535,168,289,"UNAVAILABLE",11,,0.19,4.99,0
"D","01/03/2021","18",331313,94830,70,80,"AVAILABLE",2,,0,5,0
"D","01/03/2021","18",412080,44623,55,70,"AVAILABLE",5,,0.05,10,0
"D","01/03/2021","18",412080,59383,55,70,"AVAILABLE",5,,0.05,10,0
"D","01/03/2021","18",412080,68657,90,98,"UNAVAILABLE",5,,5,49,0
"D","01/03/2021","18",412080,75042,82,97,"AVAILABLE",5,,0.05,10,0
"D","01/03/2021","18",412080,82179,82,97,"AVAILABLE",5,,0.1,10,0
"D","01/03/2021","18",474440,85953,-1,1,"UNAVAILABLE",10,,0,0,0
"D","01/03/2021","18",504170,11009,540,752,"AVAILABLE",15,,1,5,0
"D","01/03/2021","18",504170,60658,150,550,"AVAILABLE",4,,10,97.69,0
"D","01/03/2021","18",504170,72020,540,752,"AVAILABLE",15,,1,5,0
"D","01/03/2021","18",529988,29235,150,380,"UNAVAILABLE",2.5,,0,99,0
"D","01/03/2021","18",529988,54481,120,200,"UNAVAILABLE",1.5,,0,99,0
"D","01/03/2021","18",529988,54965,50,90,"UNAVAILABLE",1,,0,99,0
"D","01/03/2021","18",529988,96924,45,75,"UNAVAILABLE",1.5,,0,99,0
"D","01/03/2021","18",530232,62643,-20,20,"UNAVAILABLE",250,,0,0,0
"D","01/03/2021","18",547596,55289,45,65,"UNAVAILABLE",3.5,,10,90,10
"D","01/03/2021","18",582462,53298,130,292,"AVAILABLE",30,,10,49.95,49.95
"D","01/03/2021","18",582462,60188,130,292,"AVAILABLE",30,,0.1,5,5
"D","01/03/2021","18",582462,66602,130,292,"AVAILABLE",30,,10,49.95,49.95
"D","01/03/2021","18",582462,83099,130,292,"AVAILABLE",30,,10,49.95,49.95
"D","01/03/2021","18",591975,12297,145,254,"AVAILABLE",8,,0.05,6.25,0.05
"D","01/03/2021","18",591975,20846,203,267,"AVAILABLE",4,,0.01,9,0.01
"D","01/03/2021","18",591975,24780,145,257,"AVAILABLE",8,,0.05,6,0.05
"D","01/03/2021","18",591975,29587,150,234,"AVAILABLE",8,,0.25,8,0.25
"D","01/03/2021","18",591975,36992,145,261,"AVAILABLE",10,,0.01,6.25,0.01
"D","01/03/2021","18",591975,55408,145,261,"AVAILABLE",10,,0.01,6,0.01
"D","01/03/2021","18",591975,56483,202,252,"AVAILABLE",5,,0.05,6,0.05
"D","01/03/2021","18",591975,64475,199,249,"AVAILABLE",8,,0.05,6,0.05
"D","01/03/2021","18",591975,67172,150,238,"AVAILABLE",8,,0.05,8,0.25
"D","01/03/2021","18",591975,79527,155,246,"AVAILABLE",8,,0.01,5.75,0.25
"D","01/03/2021","18",591975,88727,145,255,"AVAILABLE",8,,0.05,6.5,0.05
"D","01/03/2021","18",591975,93164,150,237,"AVAILABLE",8,,0.01,6.25,0.25
"D","01/03/2021","18",595644,34578,406,579,"AVAILABLE",10,,0,7.53,0
"D","01/03/2021","18",698953,16639,7,33,"AVAILABLE",15,,0,0,0
"D","01/03/2021","18",698953,17045,14,25,"UNAVAILABLE",11,,0,0,0
"D","01/03/2021","18",698953,37939,5,26,"UNAVAILABLE",14.7,,0,0,0
"D","01/03/2021","18",698953,52447,5,29,"UNAVAILABLE",11,,0,0,0
"D","01/03/2021","18",698953,59695,5,16,"AVAILABLE",7.5,,0,0,0
"D","01/03/2021","18",698953,66465,5,32,"AVAILABLE",15,,0,0,0
"D","01/03/2021","18",711583,10002,-1,1,"UNAVAILABLE",2,,0,0,0
"D","01/03/2021","18",711583,10004,-1,1,"AVAILABLE",10,,0,0,0
"D","01/03/2021","18",711583,56432,0,2,"AVAILABLE",10,,0,0,0
"D","01/03/2021","18",711583,80285,-2,2,"UNAVAILABLE",2,,0,0,0
"D","01/03/2021","18",711583,86326,-2,2,"UNAVAILABLE",2,,0,0,0
"D","01/03/2021","18",732232,67022,-1.9,1.9,"AVAILABLE",100,,0,0,0
"D","01/03/2021","18",739738,19882,240,496,"UNAVAILABLE",15,,0,0,0
"D","01/03/2021","18",739738,58855,100,150,"UNAVAILABLE",5,,0,5,0
"D","01/03/2021","18",739738,70847,300,380,"AVAILABLE",4,,0,3,0
"D","01/03/2021","18",784897,46049,-1.5,0.5,"UNAVAILABLE",75,,0,0,0
"D","01/03/2021","18",784897,90321,-0.2,0.2,"AVAILABLE",225,,0,0,0
"D","01/03/2021","18",872788,21292,217,267,"AVAILABLE",10,,0.5,15,0
"D","01/03/2021","18",872788,37274,110,170,"AVAILABLE",5,,0.5,7,0
"D","01/03/2021","18",872788,72183,110,170,"AVAILABLE",5,,0.3,6,0
"D","01/03/2021","18",872788,76235,217,267,"AVAILABLE",10,,0.5,15,0
"D","01/03/2021","18",872788,92137,110,165,"AVAILABLE",5,,0.6,8,0
"D","01/03/2021","18",878461,54465,145,305,"AVAILABLE",12,,0.3,10,0.3
"D","01/03/2021","18",878461,83798,145,305,"AVAILABLE",12,,0.3,10,0.3
"D","01/03/2021","18",883543,11031,35,45,"UNAVAILABLE",10,,0,0,0
"D","01/03/2021","18",883543,19426,35,45,"UNAVAILABLE",10,,0,0,0
"D","01/03/2021","18",883543,84614,35,45,"UNAVAILABLE",10,,0,0,0
"D","01/03/2021","18",883543,84917,35,45,"UNAVAILABLE",10,,0,0,0
"D","01/03/2021","18",883543,86772,35,45,"UNAVAILABLE",10,,0,0,0
"D","01/03/2021","18",902793,17063,292,312,"AVAILABLE",4,,10,10,0
"D","01/03/2021","18",902793,48591,150,389,"AVAILABLE",3,,0,60,0
"D","01/03/2021","18",902793,63229,100,156,"AVAILABLE",3.5,,0.25,6,0.25
"D","01/03/2021","18",902793,79819,113,170,"AVAILABLE",4,,0.25,9,0.25
"D","01/03/2021","18",931075,64814,130,157,"AVAILABLE",3,,0,15,0
"D","01/03/2021","18",931987,42841,220,295,"AVAILABLE",25,,0.25,0,0
"D","01/03/2021","18",931987,81361,220,295,"UNAVAILABLE",25,,0.25,0,0
"D","01/03/2021","18",958512,60802,150,248,"AVAILABLE",5,,0.75,3,0
"D","01/03/2021","18",958512,77459,386.6,581,"AVAILABLE",19,,1.5,5,0
"D","01/03/2021","19",126216,16568,170,300,"AVAILABLE",3,,0,10,0
"D","01/03/2021","19",126216,65939,200,525,"AVAILABLE",3,,0,10,0
"D","01/03/2021","19",126216,86401,180,333,"AVAILABLE",3,,0,10,0
"D","01/03/2021","19",191345,95889,-1.5,1.4,"AVAILABLE",225,,0,0,0
"D","01/03/2021","19",196063,23404,47,57,"AVAILABLE",1,,10,6.5,0
"D","01/03/2021","19",205059,26606,-5.1,4.8,"AVAILABLE",750,,0,0,0
"D","01/03/2021","19",206845,29055,285,585,"AVAILABLE",3,,0,30,0
"D","01/03/2021","19",206845,31335,50,100,"AVAILABLE",1,,0,20,0
"D","01/03/2021","19",206845,67677,-14.6,14.1,"AVAILABLE",250,,0,0,0
"D","01/03/2021","19",212494,31662,271,382.5,"AVAILABLE",5.6,,0.05,6.72,0.05
"D","01/03/2021","19",212494,44171,163,269,"AVAILABLE",4,,0.06,6.82,0.06
"D","01/03/2021","19",212494,52323,206,349,"AVAILABLE",7.1,,0.07,6.7,0.07
"D","01/03/2021","19",212494,55388,171,285,"AVAILABLE",4,,0.07,6.77,0.07
"D","01/03/2021","19",212494,78679,272,373,"AVAILABLE",5.6,,0.06,6.75,0.06
"D","01/03/2021","19",212494,80076,217,359,"UNAVAILABLE",5.2,,0.08,6.8,0.08
"D","01/03/2021","19",292445,12097,44,48.5,"UNAVAILABLE",25,,0,0,100
"D","01/03/2021","19",292445,35696,38,47,"UNAVAILABLE",25,,0,0,80
"D","01/03/2021","19",292445,37352,38,47,"UNAVAILABLE",25,,0,0,80
"D","01/03/2021","19",292445,51737,0.5,47,"UNAVAILABLE",25,,0,0,80
"D","01/03/2021","19",292445,52317,38,47,"UNAVAILABLE",25,,0,0,80
"D","01/03/2021","19",292445,52400,20,22,"UNAVAILABLE",25,,0,0,100
"D","01/03/2021","19",292445,56935,44,48.5,"UNAVAILABLE",25,,0,0,100
"D","01/03/2021","19",292445,93720,8,38,"AVAILABLE",25,,0,0,100
"D","01/03/2021","19",292445,96291,44,48,"UNAVAILABLE",25,,0,0,100
"D","01/03/2021","19",295534,64231,360,566,"AVAILABLE",12,,0.19,3.99,0
"D","01/03/2021","19",328723,41406,311,495,"AVAILABLE",20,,0.19,1,0
"D","01/03/2021","19",328723,45714,145,259,"AVAILABLE",7,,0.19,3.99,0
"D","01/03/2021","19",328723,56535,168,289,"UNAVAILABLE",11,,0.19,1,0
"D","01/03/2021","19",331313,94830,70,80,"AVAILABLE",2,,0,5,0
"D","01/03/2021","19",412080,44623,55,70,"AVAILABLE",5,,0.05,10,0
"D","01/03/2021","19",412080,59383,55,70,"AVAILABLE",5,,0.05,10,0
"D","01/03/2021","19",412080,68657,90,98,"UNAVAILABLE",5,,5,49,0
"D","01/03/2021","19",412080,75042,82,97,"AVAILABLE",5,,0.05,10,0
"D","01/03/2021","19",412080,82179,82,97,"AVAILABLE",5,,0.1,10,0
"D","01/03/2021","19",474440,85953,-1,1,"UNAVAILABLE",10,,0,0,0
"D","01/03/2021","19",504170,11009,540,752,"AVAILABLE",15,,1,5,0
"D","01/03/2021","19",504170,60658,150,550,"AVAILABLE",4,,10,97.69,0
"D","01/03/2021","19",504170,72020,540,752,"AVAILABLE",15,,1,5,0
"D","01/03/2021","19",529988,29235,150,380,"UNAVAILABLE",2.5,,0,99,0
"D","01/03/2021","19",529988,54481,120,200,"UNAVAILABLE",1.5,,0,99,0
"D","01/03/2021","19",529988,54965,50,90,"UNAVAILABLE",1,,0,99,0
"D","01/03/2021","19",529988,96924,45,75,"UNAVAILABLE",1.5,,0,99,0
"D","01/03/2021","19",530232,62643,-20,20,"UNAVAILABLE",250,,0,0,0
"D","01/03/2021","19",547596,55289,45,65,"UNAVAILABLE",3.5,,10,90,10
"D","01/03/2021","19",582462,53298,130,292,"AVAILABLE",30,,10,49.95,49.95
"D","01/03/2021","19",582462,60188,130,292,"AVAILABLE",30,,0.1,5,5
"D","01/03/2021","19",582462,66602,130,292,"AVAILABLE",30,,10,49.95,49.95
"D","01/03/2021","19",582462,83099,130,292,"AVAILABLE",30,,10,49.95,49.95
"D","01/03/2021","19",591975,12297,145,254,"AVAILABLE",8,,0.05,6.25,0.05
"D","01/03/2021","19",591975,20846,203,267,"AVAILABLE",4,,0.01,9,0.01
"D","01/03/2021","19",591975,24780,145,257,"AVAILABLE",8,,0.05,6,0.05
"D","01/03/2021","19",591975,29587,150,234,"AVAILABLE",8,,0.25,8,0.25
"D","01/03/2021","19",591975,36992,145,261,"AVAILABLE",10,,0.01,6.25,0.01
"D","01/03/2021","19",591975,55408,145,261,"AVAILABLE",10,,0.01,6,0.01
"D","01/03/2021","19",591975,56483,202,252,"AVAILABLE",5,,0.05,6,0.05
"D","01/03/2021","19",591975,64475,199,249,"AVAILABLE",8,,0.05,6,0.05
"D","01/03/2021","19",591975,67172,150,238,"AVAILABLE",8,,0.05,8,0.25
"D","01/03/2021","19",591975,79527,155,246,"AVAILABLE",8,,0.01,5.75,0.25
"D","01/03/2021","19",591975,88727,145,256,"AVAILABLE",8,,0.05,6.5,0.05
"D","01/03/2021","19",591975,93164,150,237,"AVAILABLE",8,,0.01,6.25,0.25
"D","01/03/2021","19",595644,34578,406,580,"AVAILABLE",10,,0,7.53,0
"D","01/03/2021","19",698953,16639,7,33,"AVAILABLE",15,,0,0,0
"D","01/03/2021","19",698953,17045,14,25,"UNAVAILABLE",11,,0,0,0
"D","01/03/2021","19",698953,37939,5,26,"UNAVAILABLE",14.7,,0,0,0
"D","01/03/2021","19",698953,52447,5,29,"UNAVAILABLE",11,,0,0,0
"D","01/03/2021","19",698953,59695,5,16,"AVAILABLE",7.5,,0,0,0
"D","01/03/2021","19",698953,66465,5,32,"AVAILABLE",15,,0,0,0
"D","01/03/2021","19",711583,10002,-1,1,"UNAVAILABLE",2,,0,0,0
"D","01/03/2021","19",711583,10004,-1,1,"AVAILABLE",10,,0,0,0
"D","01/03/2021","19",711583,56432,0,2,"AVAILABLE",10,,0,0,0
"D","01/03/2021","19",711583,80285,-2,2,"UNAVAILABLE",2,,0,0,0
"D","01/03/2021","19",711583,86326,-2,2,"UNAVAILABLE",2,,0,0,0
"D","01/03/2021","19",732232,67022,-1.9,1.9,"AVAILABLE",100,,0,0,0
"D","01/03/2021","19",739738,19882,240,496.7,"UNAVAILABLE",15,,0,0,0
"D","01/03/2021","19",739738,58855,100,150,"UNAVAILABLE",5,,0,5,0
"D","01/03/2021","19",739738,70847,300,380,"AVAILABLE",4,,0,3,0
"D","01/03/2021","19",784897,46049,-1.5,0.5,"UNAVAILABLE",75,,0,0,0
"D","01/03/2021","19",784897,90321,-1.5,1.5,"UNAVAILABLE",250,,0,0,0
"D","01/03/2021","19",872788,21292,218,268,"AVAILABLE",10,,0.5,15,0
"D","01/03/2021","19",872788,37274,110,170,"AVAILABLE",5,,0.5,7,0
"D","01/03/2021","19",872788,72183,110,170,"AVAILABLE",5,,0.3,6,0
"D","01/03/2021","19",872788,76235,218,268,"AVAILABLE",10,,0.5,15,0
"D","01/03/2021","19",872788,92137,110,165,"AVAILABLE",5,,0.6,8,0
"D","01/03/2021","19",878461,54465,145,305,"AVAILABLE",12,,0.3,10,0.3
"D","01/03/2021","19",878461,83798,145,305,"AVAILABLE",12,,0.3,10,0.3
"D","01/03/2021","19",883543,11031,35,45,"UNAVAILABLE",10,,0,0,0
"D","01/03/2021","19",883543,19426,35,45,"UNAVAILABLE",10,,0,0,0
"D","01/03/2021","19",883543,84614,35,45,"UNAVAILABLE",10,,0,0,0
"D","01/03/2021","19",883543,84917,35,45,"UNAVAILABLE",10,,0,0,0
"D","01/03/2021","19",883543,86772,35,45,"UNAVAILABLE",10,,0,0,0
"D","01/03/2021","19",902793,17063,292,312,"AVAILABLE",4,,10,10,0
"D","01/03/2021","19",902793,48591,150,389,"AVAILABLE",3,,0,60,0
"D","01/03/2021","19",902793,63229,100,156,"AVAILABLE",3.5,,0.25,6,0.25
"D","01/03/2021","19",902793,79819,113,171,"AVAILABLE",4,,0.25,9,0.25
"D","01/03/2021","19",931075,64814,130,157,"AVAILABLE",3,,0,15,0
"D","01/03/2021","19",931987,42841,220,295,"AVAILABLE",25,,0.25,0,0
"D","01/03/2021","19",931987,81361,220,295,"UNAVAILABLE",25,,0.25,0,0
"D","01/03/2021","19",958512,60802,150,248,"AVAILABLE",5,,0.75,3,0
"D","01/03/2021","19",958512,77459,387.3,581,"AVAILABLE",19,,1.5,5,0
"D","01/03/2021","20",126216,16568,170,300,"AVAILABLE",3,,0,10,0
"D","01/03/2021","20",126216,65939,200,525,"AVAILABLE",3,,0,10,0
"D","01/03/2021","20",126216,86401,180,333,"AVAILABLE",3,,0,10,0
"D","01/03/2021","20",191345,95889,-1.5,1,"AVAILABLE",225,,0,0,0
"D","01/03/2021","20",196063,23404,47,57,"AVAILABLE",1,,10,6.5,0
"D","01/03/2021","20",205059,26606,-5.1,4,"AVAILABLE",750,,0,0,0
"D","01/03/2021","20",206845,29055,285,585,"AVAILABLE",3,,0,30,0
"D","01/03/2021","20",206845,31335,50,100,"AVAILABLE",1,,0,20,0
"D","01/03/2021","20",206845,67677,-14.6,14.1,"AVAILABLE",250,,0,0,0
"D","01/03/2021","20",212494,31662,271,382.5,"AVAILABLE",5.6,,0.05,6.72,0.05
"D","01/03/2021","20",212494,44171,163,269,"AVAILABLE",4,,0.06,6.82,0.06
"D","01/03/2021","20",212494,52323,206,350,"AVAILABLE",7.1,,0.07,6.7,0.07
"D","01/03/2021","20",212494,55388,171,284,"AVAILABLE",4,,0.07,6.77,0.07
"D","01/03/2021","20",212494,78679,272,373,"AVAILABLE",5.6,,0.06,6.75,0.06
"D","01/03/2021","20",212494,80076,217,359,"UNAVAILABLE",5.2,,0.08,6.8,0.08
"D","01/03/2021","20",292445,12097,44,48.5,"UNAVAILABLE",25,,0,0,100
"D","01/03/2021","20",292445,35696,38,47,"UNAVAILABLE",25,,0,0,80
"D","01/03/2021","20",292445,37352,38,47,"UNAVAILABLE",25,,0,0,80
"D","01/03/2021","20",292445,51737,0.5,47,"UNAVAILABLE",25,,0,0,80
"D","01/03/2021","20",292445,52317,38,47,"UNAVAILABLE",25,,0,0,80
"D","01/03/2021","20",292445,52400,20,22,"UNAVAILABLE",25,,0,0,100
"D","01/03/2021","20",292445,56935,44,48.5,"UNAVAILABLE",25,,0,0,100
"D","01/03/2021","20",292445,93720,8,38,"AVAILABLE",25,,0,0,100
"D","01/03/2021","20",292445,96291,44,48,"UNAVAILABLE",25,,0,0,100
"D","01/03/2021","20",295534,64231,360,567,"AVAILABLE",12,,0.19,3.99,0
"D","01/03/2021","20",328723,41406,311,515,"AVAILABLE",20,,0.19,1,0
"D","01/03/2021","20",328723,45714,145,259,"AVAILABLE",7,,0.19,3.99,0
"D","01/03/2021","20",328723,56535,168,289,"UNAVAILABLE",11,,0.19,1,0
"D","01/03/2021","20",331313,94830,70,80,"AVAILABLE",2,,0,5,0
"D","01/03/2021","20",412080,44623,55,70,"AVAILABLE",5,,0.05,10,0
"D","01/03/2021","20",412080,59383,55,70,"AVAILABLE",5,,0.05,10,0
"D","01/03/2021","20",412080,68657,90,98,"UNAVAILABLE",5,,5,49,0
"D","01/03/2021","20",412080,75042,82,97,"AVAILABLE",5,,0.05,10,0
"D","01/03/2021","20",412080,82179,82,97,"AVAILABLE",5,,0.1,10,0
"D","01/03/2021","20",474440,85953,-1,1,"UNAVAILABLE",10,,0,0,0
"D","01/03/2021","20",504170,11009,540,751,"AVAILABLE",15,,1,5,0
"D","01/03/2021","20",504170,60658,150,550,"AVAILABLE",4,,10,97.69,0
"D","01/03/2021","20",504170,72020,540,751,"AVAILABLE",15,,1,5,0
"D","01/03/2021","20",529988,29235,150,380,"UNAVAILABLE",2.5,,0,99,0
"D","01/03/2021","20",529988,54481,120,200,"UNAVAILABLE",1.5,,0,99,0
"D","01/03/2021","20",529988,54965,50,90,"UNAVAILABLE",1,,0,99,0
"D","01/03/2021","20",529988,96924,45,75,"UNAVAILABLE",1.5,,0,99,0
"D","01/03/2021","20",530232,62643,-20,20,"UNAVAILABLE",250,,0,0,0
"D","01/03/2021","20",547596,55289,45,65,"UNAVAILABLE",3.5,,10,90,10
"D","01/03/2021","20",582462,53298,130,292,"AVAILABLE",30,,10,49.95,49.95
"D","01/03/2021","20",582462,60188,130,292,"AVAILABLE",30,,0.1,5,5
"D","01/03/2021","20",582462,66602,130,292,"AVAILABLE",30,,10,49.95,49.95
"D","01/03/2021","20",582462,83099,130,292,"AVAILABLE",30,,10,49.95,49.95
"D","01/03/2021","20",591975,12297,145,254,"AVAILABLE",8,,0.05,6.25,0.05
"D","01/03/2021","20",591975,20846,203,267,"AVAILABLE",4,,0.01,9,0.01
"D","01/03/2021","20",591975,24780,145,257,"AVAILABLE",8,,0.05,6,0.05
"D","01/03/2021","20",591975,29587,150,234,"AVAILABLE",8,,0.25,8,0.25
"D","01/03/2021","20",591975,36992,145,261,"AVAILABLE",10,,0.01,6.25,0.01
"D","01/03/2021","20",591975,55408,145,261,"AVAILABLE",10,,0.01,6,0.01
"D","01/03/2021","20",591975,56483,202,252,"AVAILABLE",5,,0.05,6,0.05
"D","01/03/2021","20",591975,64475,199,249,"AVAILABLE",8,,0.05,6,0.05
"D","01/03/2021","20",591975,67172,150,238,"AVAILABLE",8,,0.05,8,0.25
"D","01/03/2021","20",591975,79527,155,246,"AVAILABLE",8,,0.01,5.75,0.25
"D","01/03/2021","20",591975,88727,145,255,"AVAILABLE",8,,0.05,6.5,0.05
"D","01/03/2021","20",591975,93164,150,237,"AVAILABLE",8,,0.01,6.25,0.25
"D","01/03/2021","20",595644,34578,406,580,"AVAILABLE",10,,0,7.53,0
"D","01/03/2021","20",698953,16639,7,33,"AVAILABLE",15,,0,0,0
"D","01/03/2021","20",698953,17045,14,25,"UNAVAILABLE",11,,0,0,0
"D","01/03/2021","20",698953,37939,5,26,"UNAVAILABLE",14.7,,0,0,0
"D","01/03/2021","20",698953,52447,5,29,"UNAVAILABLE",11,,0,0,0
"D","01/03/2021","20",698953,59695,5,16,"AVAILABLE",7.5,,0,0,0
"D","01/03/2021","20",698953,66465,5,32,"AVAILABLE",15,,0,0,0
"D","01/03/2021","20",711583,10002,-1,1,"UNAVAILABLE",2,,0,0,0
"D","01/03/2021","20",711583,10004,-1,1,"AVAILABLE",10,,0,0,0
"D","01/03/2021","20",711583,56432,0,2,"AVAILABLE",10,,0,0,0
"D","01/03/2021","20",711583,80285,-2,2,"UNAVAILABLE",2,,0,0,0
"D","01/03/2021","20",711583,86326,-2,2,"UNAVAILABLE",2,,0,0,0
"D","01/03/2021","20",732232,67022,-1.9,1.9,"AVAILABLE",100,,0,0,0
"D","01/03/2021","20",739738,19882,240,497.3,"UNAVAILABLE",15,,0,0,0
"D","01/03/2021","20",739738,58855,100,150,"UNAVAILABLE",5,,0,5,0
"D","01/03/2021","20",739738,70847,300,380,"AVAILABLE",4,,0,3,0
"D","01/03/2021","20",784897,46049,-1.5,0.5,"UNAVAILABLE",75,,0,0,0
"D","01/03/2021","20",784897,90321,-1.5,1.5,"UNAVAILABLE",250,,0,0,0
"D","01/03/2021","20",872788,21292,217,267,"AVAILABLE",10,,0.5,15,0
"D","01/03/2021","20",872788,37274,110,170,"AVAILABLE",5,,0.5,7,0
"D","01/03/2021","20",872788,72183,110,170,"AVAILABLE",5,,0.3,6,0
"D","01/03/2021","20",872788,76235,217,267,"AVAILABLE",10,,0.5,15,0
"D","01/03/2021","20",872788,92137,110,165,"AVAILABLE",5,,0.6,8,0
"D","01/03/2021","20",878461,54465,145,305,"AVAILABLE",12,,0.3,10,0.3
"D","01/03/2021","20",878461,83798,145,305,"AVAILABLE",12,,0.3,10,0.3
"D","01/03/2021","20",883543,11031,35,45,"UNAVAILABLE",10,,0,0,0
"D","01/03/2021","20",883543,19426,35,45,"UNAVAILABLE",10,,0,0,0
"D","01/03/2021","20",883543,84614,35,45,"UNAVAILABLE",10,,0,0,0
"D","01/03/2021","20",883543,84917,35,45,"UNAVAILABLE",10,,0,0,0
"D","01/03/2021","20",883543,86772,35,45,"UNAVAILABLE",10,,0,0,0
"D","01/03/2021","20",902793,17063,292,312,"AVAILABLE",4,,10,10,0
"D","01/03/2021","20",902793,48591,150,389,"AVAILABLE",3,,0,60,0
"D","01/03/2021","20",902793,63229,100,156,"AVAILABLE",3.5,,0.25,6,0.25
"D","01/03/2021","20",902793,79819,113,171,"AVAILABLE",4,,0.25,9,0.25
"D","01/03/2021","20",931075,64814,130,157,"AVAILABLE",3,,0,15,0
"D","01/03/2021","20",931987,42841,220,295,"AVAILABLE",25,,0.25,0,0
"D","01/03/2021","20",931987,81361,220,295,"UNAVAILABLE",25,,0.25,0,0
"D","01/03/2021","20",958512,60802,150,249,"AVAILABLE",5,,0.75,3,0
"D","01/03/2021","20",958512,77459,388,581.5,"AVAILABLE",19,,1.5,5,0
"D","01/03/2021","21",126216,16568,170,300,"AVAILABLE",3,,0,10,0
"D","01/03/2021","21",126216,65939,200,525,"AVAILABLE",3,,0,10,0
"D","01/03/2021","21",126216,86401,180,333,"AVAILABLE",3,,0,10,0
"D","01/03/2021","21",191345,95889,-1.5,1,"AVAILABLE",115,,0,0,0
"D","01/03/2021","21",196063,23404,47,57,"AVAILABLE",1,,10,6.5,0
"D","01/03/2021","21",205059,26606,-5.1,4,"AVAILABLE",375,,0,0,0
"D","01/03/2021","21",206845,29055,285,585,"AVAILABLE",3,,0,30,0
"D","01/03/2021","21",206845,31335,50,100,"AVAILABLE",1,,0,20,0
"D","01/03/2021","21",206845,67677,-14.6,14.1,"AVAILABLE",250,,0,0,0
"D","01/03/2021","21",212494,31662,272,382.5,"AVAILABLE",5.6,,0.05,6.72,0.05
"D","01/03/2021","21",212494,44171,163,269,"AVAILABLE",4,,0.06,6.82,0.06
"D","01/03/2021","21",212494,52323,206,350,"AVAILABLE",7.1,,0.07,6.7,0.07
"D","01/03/2021","21",212494,55388,171,284,"AVAILABLE",4,,0.07,6.77,0.07
"D","01/03/2021","21",212494,78679,272,374,"AVAILABLE",5.6,,0.06,6.75,0.06
"D","01/03/2021","21",212494,80076,217,359,"UNAVAILABLE",5.2,,0.08,6.8,0.08
"D","01/03/2021","21",292445,12097,44,48.5,"UNAVAILABLE",25,,0,0,100
"D","01/03/2021","21",292445,35696,38,47,"UNAVAILABLE",25,,0,0,80
"D","01/03/2021","21",292445,37352,38,47,"UNAVAILABLE",25,,0,0,80
"D","01/03/2021","21",292445,51737,0.5,47,"UNAVAILABLE",25,,0,0,80
"D","01/03/2021","21",292445,52317,38,47,"UNAVAILABLE",25,,0,0,80
"D","01/03/2021","21",292445,52400,20,22,"UNAVAILABLE",25,,0,0,100
"D","01/03/2021","21",292445,56935,44,48.5,"UNAVAILABLE",25,,0,0,100
"D","01/03/2021","21",292445,93720,8,38,"AVAILABLE",25,,0,0,100
"D","01/03/2021","21",292445,96291,44,48,"UNAVAILABLE",25,,0,0,100
"D","01/03/2021","21",295534,64231,360,567,"AVAILABLE",12,,0.19,3.99,0
"D","01/03/2021","21",328723,41406,311,515,"AVAILABLE",20,,0.19,1,0
"D","01/03/2021","21",328723,45714,145,260,"AVAILABLE",7,,0.19,3.99,0
"D","01/03/2021","21",328723,56535,168,289,"UNAVAILABLE",11,,0.19,1,0
"D","01/03/2021","21",331313,94830,70,80,"AVAILABLE",2,,0,5,0
"D","01/03/2021","21",412080,44623,55,70,"AVAILABLE",5,,0.05,10,0
"D","01/03/2021","21",412080,59383,55,70,"AVAILABLE",5,,0.05,10,0
"D","01/03/2021","21",412080,68657,90,98,"UNAVAILABLE",5,,5,49,0
"D","01/03/2021","21",412080,75042,82,97,"AVAILABLE",5,,0.05,10,0
"D","01/03/2021","21",412080,82179,82,97,"AVAILABLE",5,,0.1,10,0
"D","01/03/2021","21",474440,85953,-1,1,"UNAVAILABLE",10,,0,0,0
"D","01/03/2021","21",504170,11009,540,750,"AVAILABLE",15,,1,5,0
"D","01/03/2021","21",504170,60658,150,550,"AVAILABLE",4,,10,97.69,0
"D","01/03/2021","21",504170,72020,540,750,"AVAILABLE",15,,1,5,0
"D","01/03/2021","21",529988,29235,150,380,"UNAVAILABLE",2.5,,0,99,0
"D","01/03/2021","21",529988,54481,120,200,"UNAVAILABLE",1.5,,0,99,0
"D","01/03/2021","21",529988,54965,50,90,"UNAVAILABLE",1,,0,99,0
"D","01/03/2021","21",529988,96924,45,75,"UNAVAILABLE",1.5,,0,99,0
"D","01/03/2021","21",530232,62643,-20,20,"UNAVAILABLE",100,,0,0,0
"D","01/03/2021","21",547596,55289,45,65,"UNAVAILABLE",3.5,,10,90,10
"D","01/03/2021","21",582462,53298,130,292,"AVAILABLE",30,,10,49.95,49.95
"D","01/03/2021","21",582462,60188,130,292,"AVAILABLE",30,,0.1,5,5
"D","01/03/2021","21",582462,66602,130,292,"AVAILABLE",30,,10,49.95,49.95
"D","01/03/2021","21",582462,83099,130,292,"AVAILABLE",30,,10,49.95,49.95
"D","01/03/2021","21",591975,12297,145,254,"AVAILABLE",8,,0.05,6.25,0.05
"D","01/03/2021","21",591975,20846,204,268,"AVAILABLE",4,,0.01,9,0.01
"D","01/03/2021","21",591975,24780,145,258,"AVAILABLE",8,,0.05,6,0.05
"D","01/03/2021","21",591975,29587,150,235,"AVAILABLE",8,,0.25,8,0.25
"D","01/03/2021","21",591975,36992,145,262,"AVAILABLE",10,,0.01,6.25,0.01
"D","01/03/2021","21",591975,55408,145,262,"AVAILABLE",10,,0.01,6,0.01
"D","01/03/2021","21",591975,56483,203,253,"AVAILABLE",5,,0.05,6,0.05
"D","01/03/2021","21",591975,64475,200,250,"AVAILABLE",8,,0.05,6,0.05
"D","01/03/2021","21",591975,67172,150,238,"AVAILABLE",8,,0.05,8,0.25
"D","01/03/2021","21",591975,79527,155,248,"AVAILABLE",8,,0.01,5.75,0.25
"D","01/03/2021","21",591975,88727,145,256,"AVAILABLE",8,,0.05,6.5,0.05
"D","01/03/2021","21",591975,93164,150,239,"AVAILABLE",8,,0.01,6.25,0.25
"D","01/03/2021","21",595644,34578,406,579,"AVAILABLE",10,,0,7.53,0
"D","01/03/2021","21",698953,16639,7,33,"AVAILABLE",15,,0,0,0
"D","01/03/2021","21",698953,17045,14,25,"UNAVAILABLE",11,,0,0,0
"D","01/03/2021","21",698953,37939,5,26,"UNAVAILABLE",14.7,,0,0,0
"D","01/03/2021","21",698953,52447,5,29,"UNAVAILABLE",11,,0,0,0
"D","01/03/2021","21",698953,59695,5,16,"AVAILABLE",7.5,,0,0,0
"D","01/03/2021","21",698953,66465,5,32,"AVAILABLE",15,,0,0,0
"D","01/03/2021","21",711583,10002,-1,1,"UNAVAILABLE",2,,0,0,0
"D","01/03/2021","21",711583,10004,-1,1,"AVAILABLE",10,,0,0,0
"D","01/03/2021","21",711583,56432,0,2,"AVAILABLE",10,,0,0,0
"D","01/03/2021","21",711583,80285,-2,2,"UNAVAILABLE",2,,0,0,0
"D","01/03/2021","21",711583,86326,-2,2,"UNAVAILABLE",2,,0,0,0
"D","01/03/2021","21",732232,67022,-1.9,1.9,"AVAILABLE",100,,0,0,0
"D","01/03/2021","21",739738,19882,240,497,"UNAVAILABLE",15,,0,0,0
"D","01/03/2021","21",739738,58855,100,150,"UNAVAILABLE",5,,0,5,0
"D","01/03/2021","21",739738,70847,300,380,"AVAILABLE",4,,0,3,0
"D","01/03/2021","21",784897,46049,-1.5,0.5,"UNAVAILABLE",75,,0,0,0
"D","01/03/2021","21",784897,90321,-1.5,1.5,"UNAVAILABLE",250,,0,0,0
"D","01/03/2021","21",872788,21292,218,268,"AVAILABLE",10,,0.5,15,0
"D","01/03/2021","21",872788,37274,110,170,"AVAILABLE",5,,0.5,7,0
"D","01/03/2021","21",872788,72183,110,170,"AVAILABLE",5,,0.3,6,0
"D","01/03/2021","21",872788,76235,218,268,"AVAILABLE",10,,0.5,15,0
"D","01/03/2021","21",872788,92137,110,165,"AVAILABLE",5,,0.6,8,0
"D","01/03/2021","21",878461,54465,145,305,"AVAILABLE",12,,0.3,10,0.3
"D","01/03/2021","21",878461,83798,145,305,"AVAILABLE",12,,0.3,10,0.3
"D","01/03/2021","21",883543,11031,35,45,"UNAVAILABLE",10,,0,0,0
"D","01/03/2021","21",883543,19426,35,45,"UNAVAILABLE",10,,0,0,0
"D","01/03/2021","21",883543,84614,35,45,"UNAVAILABLE",10,,0,0,0
"D","01/03/2021","21",883543,84917,35,45,"UNAVAILABLE",10,,0,0,0
"D","01/03/2021","21",883543,86772,35,45,"UNAVAILABLE",10,,0,0,0
"D","01/03/2021","21",902793,17063,293,313,"AVAILABLE",4,,10,10,0
"D","01/03/2021","21",902793,48591,150,389,"AVAILABLE",3,,0,60,0
"D","01/03/2021","21",902793,63229,100,156,"AVAILABLE",3.5,,0.25,6,0.25
"D","01/03/2021","21",902793,79819,113,171,"AVAILABLE",4,,0.25,9,0.25
"D","01/03/2021","21",931075,64814,130,157,"AVAILABLE",3,,0,15,0
"D","01/03/2021","21",931987,42841,220,295,"AVAILABLE",25,,0.25,0,0
"D","01/03/2021","21",931987,81361,220,295,"UNAVAILABLE",25,,0.25,0,0
"D","01/03/2021","21",958512,60802,150,249,"AVAILABLE",5,,0.75,3,0
"D","01/03/2021","21",958512,77459,388.6,581.5,"AVAILABLE",19,,1.5,5,0
"D","01/03/2021","22",126216,16568,170,300,"AVAILABLE",3,,0,10,0
"D","01/03/2021","22",126216,65939,200,525,"AVAILABLE",3,,0,10,0
"D","01/03/2021","22",126216,86401,180,333,"AVAILABLE",3,,0,10,0
"D","01/03/2021","22",191345,95889,-1.5,1,"AVAILABLE",225,,0,0,0
"D","01/03/2021","22",196063,23404,47,57,"AVAILABLE",1,,10,6.5,0
"D","01/03/2021","22",205059,26606,-5.1,4.7,"AVAILABLE",750,,0,0,0
"D","01/03/2021","22",206845,29055,285,585,"AVAILABLE",3,,0,30,0
"D","01/03/2021","22",206845,31335,50,100,"AVAILABLE",1,,0,20,0
"D","01/03/2021","22",206845,67677,-14.6,14.1,"AVAILABLE",250,,0,0,0
"D","01/03/2021","22",212494,31662,274,384,"AVAILABLE",5.6,,0.05,6.72,0.05
"D","01/03/2021","22",212494,44171,163,270,"AVAILABLE",4,,0.06,6.82,0.06
"D","01/03/2021","22",212494,52323,207,350,"AVAILABLE",7.1,,0.07,6.7,0.07
"D","01/03/2021","22",212494,55388,171,285,"AVAILABLE",4,,0.07,6.77,0.07
"D","01/03/2021","22",212494,78679,274,375,"AVAILABLE",5.6,,0.06,6.75,0.06
"D","01/03/2021","22",212494,80076,217,359,"UNAVAILABLE",5.2,,0.08,6.8,0.08
"D","01/03/2021","22",292445,12097,44,48.5,"UNAVAILABLE",25,,0,0,100
"D","01/03/2021","22",292445,35696,38,47,"UNAVAILABLE",25,,0,0,80
"D","01/03/2021","22",292445,37352,38,47,"UNAVAILABLE",25,,0,0,80
"D","01/03/2021","22",292445,51737,0.5,47,"UNAVAILABLE",25,,0,0,80
"D","01/03/2021","22",292445,52317,38,47,"UNAVAILABLE",25,,0,0,80
"D","01/03/2021","22",292445,52400,20,22,"UNAVAILABLE",25,,0,0,100
"D","01/03/2021","22",292445,56935,44,48.5,"UNAVAILABLE",25,,0,0,100
"D","01/03/2021","22",292445,93720,8,38,"AVAILABLE",25,,0,0,100
"D","01/03/2021","22",292445,96291,44,48,"UNAVAILABLE",25,,0,0,100
"D","01/03/2021","22",295534,64231,360,567,"AVAILABLE",12,,0.19,3.99,0
"D","01/03/2021","22",328723,41406,311,515,"AVAILABLE",20,,0.19,1,0
"D","01/03/2021","22",328723,45714,145,260,"AVAILABLE",7,,0.19,3.99,0
"D","01/03/2021","22",328723,56535,168,289,"UNAVAILABLE",11,,0.19,1,0
"D","01/03/2021","22",331313,94830,70,80,"AVAILABLE",2,,0,5,0
"D","01/03/2021","22",412080,44623,55,70,"AVAILABLE",5,,0.05,10,0
"D","01/03/2021","22",412080,59383,55,70,"AVAILABLE",5,,0.05,10,0
"D","01/03/2021","22",412080,68657,90,98,"UNAVAILABLE",5,,5,49,0
"D","01/03/2021","22",412080,75042,82,97,"AVAILABLE",5,,0.05,10,0
"D","01/03/2021","22",412080,82179,82,97,"AVAILABLE",5,,0.1,10,0
"D","01/03/2021","22",474440,85953,-1,1,"UNAVAILABLE",10,,0,0,0
"D","01/03/2021","22",504170,11009,540,749,"AVAILABLE",15,,1,5,0
"D","01/03/2021","22",504170,60658,150,550,"AVAILABLE",4,,10,97.69,0
"D","01/03/2021","22",504170,72020,540,749,"AVAILABLE",15,,1,5,0
"D","01/03/2021","22",529988,29235,150,380,"UNAVAILABLE",2.5,,0,99,0
"D","01/03/2021","22",529988,54481,120,200,"UNAVAILABLE",1.5,,0,99,0
"D","01/03/2021","22",529988,54965,50,90,"UNAVAILABLE",1,,0,99,0
"D","01/03/2021","22",529988,96924,45,75,"UNAVAILABLE",1.5,,0,99,0
"D","01/03/2021","22",530232,62643,-20,20,"UNAVAILABLE",100,,0,0,0
"D","01/03/2021","22",547596,55289,45,65,"UNAVAILABLE",3.5,,10,90,10
"D","01/03/2021","22",582462,53298,130,292,"AVAILABLE",30,,10,49.95,49.95
"D","01/03/2021","22",582462,60188,130,292,"AVAILABLE",30,,0.1,5,5
"D","01/03/2021","22",582462,66602,130,292,"AVAILABLE",30,,10,49.95,49.95
"D","01/03/2021","22",582462,83099,130,292,"AVAILABLE",30,,10,49.95,49.95
"D","01/03/2021","22",591975,12297,145,255,"AVAILABLE",8,,0.05,6.25,0.05
"D","01/03/2021","22",591975,20846,204,268,"AVAILABLE",4,,0.01,9,0.01
"D","01/03/2021","22",591975,24780,145,258,"AVAILABLE",8,,0.05,6,0.05
"D","01/03/2021","22",591975,29587,150,234,"AVAILABLE",8,,0.25,8,0.25
"D","01/03/2021","22",591975,36992,145,262,"AVAILABLE",10,,0.01,6.25,0.01
"D","01/03/2021","22",591975,55408,145,262,"AVAILABLE",10,,0.01,6,0.01
"D","01/03/2021","22",591975,56483,203,253,"AVAILABLE",5,,0.05,6,0.05
"D","01/03/2021","22",591975,64475,200,250,"AVAILABLE",8,,0.05,6,0.05
"D","01/03/2021","22",591975,67172,150,238,"AVAILABLE",8,,0.05,8,0.25
"D","01/03/2021","22",591975,79527,155,248,"AVAILABLE",8,,0.01,5.75,0.25
"D","01/03/2021","22",591975,88727,145,256,"AVAILABLE",8,,0.05,6.5,0.05
"D","01/03/2021","22",591975,93164,150,239,"AVAILABLE",8,,0.01,6.25,0.25
"D","01/03/2021","22",595644,34578,406,579,"AVAILABLE",10,,0,7.53,0
"D","01/03/2021","22",698953,16639,7,33,"AVAILABLE",15,,0,0,0
"D","01/03/2021","22",698953,17045,14,25,"UNAVAILABLE",11,,0,0,0
"D","01/03/2021","22",698953,37939,5,26,"UNAVAILABLE",14.7,,0,0,0
"D","01/03/2021","22",698953,52447,5,29,"UNAVAILABLE",11,,0,0,0
"D","01/03/2021","22",698953,59695,5,16,"AVAILABLE",7.5,,0,0,0
"D","01/03/2021","22",698953,66465,5,32,"AVAILABLE",15,,0,0,0
"D","01/03/2021","22",711583,10002,-1,1,"UNAVAILABLE",2,,0,0,0
"D","01/03/2021","22",711583,10004,-1,1,"AVAILABLE",10,,0,0,0
"D","01/03/2021","22",711583,56432,-2,2,"UNAVAILABLE",2,,0,0,0
"D","01/03/2021","22",711583,80285,-2,2,"UNAVAILABLE",2,,0,0,0
"D","01/03/2021","22",711583,86326,-2,2,"UNAVAILABLE",2,,0,0,0
"D","01/03/2021","22",732232,67022,-1.9,1.9,"AVAILABLE",100,,0,0,0
"D","01/03/2021","22",739738,19882,240,496.9,"UNAVAILABLE",15,,0,0,0
"D","01/03/2021","22",739738,58855,100,150,"UNAVAILABLE",5,,0,5,0
"D","01/03/2021","22",739738,70847,300,380,"AVAILABLE",4,,0,3,0
"D","01/03/2021","22",784897,46049,-1.5,0.5,"UNAVAILABLE",75,,0,0,0
"D","01/03/2021","22",784897,90321,-1.5,1.5,"UNAVAILABLE",250,,0,0,0
"D","01/03/2021","22",872788,21292,218,268,"AVAILABLE",10,,0.5,15,0
"D","01/03/2021","22",872788,37274,110,170,"AVAILABLE",5,,0.5,7,0
"D","01/03/2021","22",872788,72183,110,170,"AVAILABLE",5,,0.3,6,0
"D","01/03/2021","22",872788,76235,218,268,"AVAILABLE",10,,0.5,15,0
"D","01/03/2021","22",872788,92137,110,165,"AVAILABLE",5,,0.6,8,0
"D","01/03/2021","22",878461,54465,145,305,"AVAILABLE",12,,0.3,10,0.3
"D","01/03/2021","22",878461,83798,145,305,"AVAILABLE",12,,0.3,10,0.3
"D","01/03/2021","22",883543,11031,35,45,"UNAVAILABLE",10,,0,0,0
"D","01/03/2021","22",883543,19426,35,45,"UNAVAILABLE",10,,0,0,0
"D","01/03/2021","22",883543,84614,35,45,"UNAVAILABLE",10,,0,0,0
"D","01/03/2021","22",883543,84917,35,45,"UNAVAILABLE",10,,0,0,0
"D","01/03/2021","22",883543,86772,35,45,"UNAVAILABLE",10,,0,0,0
"D","01/03/2021","22",902793,17063,293,313,"AVAILABLE",4,,10,10,0
"D","01/03/2021","22",902793,48591,150,389,"AVAILABLE",3,,0,60,0
"D","01/03/2021","22",902793,63229,100,156,"AVAILABLE",3.5,,0.25,6,0.25
"D","01/03/2021","22",902793,79819,113,171,"AVAILABLE",4,,0.25,9,0.25
"D","01/03/2021","22",931075,64814,130,157,"AVAILABLE",3,,0,15,0
"D","01/03/2021","22",931987,42841,220,295,"AVAILABLE",25,,0.25,0,0
"D","01/03/2021","22",931987,81361,220,295,"UNAVAILABLE",25,,0.25,0,0
"D","01/03/2021","22",958512,60802,150,249,"AVAILABLE",5,,0.75,3,0
"D","01/03/2021","22",958512,77459,388.6,581.5,"AVAILABLE",19,,1.5,5,0
"D","01/03/2021","23",126216,16568,170,300,"AVAILABLE",3,,0,10,0
"D","01/03/2021","23",126216,65939,200,525,"AVAILABLE",3,,0,10,0
"D","01/03/2021","23",126216,86401,180,333,"AVAILABLE",3,,0,10,0
"D","01/03/2021","23",191345,95889,-1.5,1.4,"AVAILABLE",225,,0,0,0
"D","01/03/2021","23",196063,23404,47,57,"AVAILABLE",1,,10,6.5,0
"D","01/03/2021","23",205059,26606,-3.2,3.2,"AVAILABLE",750,,0,0,0
"D","01/03/2021","23",206845,29055,285,585,"AVAILABLE",3,,0,30,0
"D","01/03/2021","23",206845,31335,50,100,"AVAILABLE",1,,0,20,0
"D","01/03/2021","23",206845,67677,-14.6,14.1,"AVAILABLE",250,,0,0,0
"D","01/03/2021","23",212494,31662,275,384.5,"AVAILABLE",5.6,,0.05,6.72,0.05
"D","01/03/2021","23",212494,44171,163,269,"AVAILABLE",4,,0.06,6.82,0.06
"D","01/03/2021","23",212494,52323,207,350,"AVAILABLE",7.1,,0.07,6.7,0.07
"D","01/03/2021","23",212494,55388,171,285,"AVAILABLE",4,,0.07,6.77,0.07
"D","01/03/2021","23",212494,78679,275,376,"AVAILABLE",5.6,,0.06,6.75,0.06
"D","01/03/2021","23",212494,80076,217,359,"UNAVAILABLE",5.2,,0.08,6.8,0.08
"D","01/03/2021","23",292445,12097,44,48.5,"UNAVAILABLE",25,,0,0,100
"D","01/03/2021","23",292445,35696,38,47,"UNAVAILABLE",25,,0,0,80
"D","01/03/2021","23",292445,37352,38,47,"UNAVAILABLE",25,,0,0,80
"D","01/03/2021","23",292445,51737,0.5,47,"UNAVAILABLE",25,,0,0,80
"D","01/03/2021","23",292445,52317,38,47,"UNAVAILABLE",25,,0,0,80
"D","01/03/2021","23",292445,52400,20,22,"UNAVAILABLE",25,,0,0,100
"D","01/03/2021","23",292445,56935,44,48.5,"UNAVAILABLE",25,,0,0,100
"D","01/03/2021","23",292445,93720,8,38,"AVAILABLE",25,,0,0,100
"D","01/03/2021","23",292445,96291,44,48,"UNAVAILABLE",25,,0,0,100
"D","01/03/2021","23",295534,64231,360,567,"AVAILABLE",12,,0.19,3.99,0
"D","01/03/2021","23",328723,41406,311,500,"AVAILABLE",20,,0.19,1,0
"D","01/03/2021","23",328723,45714,145,260,"AVAILABLE",7,,0.19,3.99,0
"D","01/03/2021","23",328723,56535,168,289,"UNAVAILABLE",11,,0.19,1,0
"D","01/03/2021","23",331313,94830,70,80,"AVAILABLE",2,,0,5,0
"D","01/03/2021","23",412080,44623,55,70,"AVAILABLE",5,,0.05,10,0
"D","01/03/2021","23",412080,59383,55,70,"AVAILABLE",5,,0.05,10,0
"D","01/03/2021","23",412080,68657,90,98,"UNAVAILABLE",5,,5,49,0
"D","01/03/2021","23",412080,75042,82,97,"AVAILABLE",5,,0.05,10,0
"D","01/03/2021","23",412080,82179,82,97,"AVAILABLE",5,,0.1,10,0
"D","01/03/2021","23",474440,85953,-1,1,"UNAVAILABLE",10,,0,0,0
"D","01/03/2021","23",504170,11009,540,748,"AVAILABLE",15,,1,5,0
"D","01/03/2021","23",504170,60658,150,550,"AVAILABLE",4,,10,97.69,0
"D","01/03/2021","23",504170,72020,540,748,"AVAILABLE",15,,1,5,0
"D","01/03/2021","23",529988,29235,150,380,"UNAVAILABLE",2.5,,0,99,0
"D","01/03/2021","23",529988,54481,120,200,"UNAVAILABLE",1.5,,0,99,0
"D","01/03/2021","23",529988,54965,50,90,"UNAVAILABLE",1,,0,99,0
"D","01/03/2021","23",529988,96924,45,75,"UNAVAILABLE",1.5,,0,99,0
"D","01/03/2021","23",530232,62643,-20,20,"UNAVAILABLE",100,,0,0,0
"D","01/03/2021","23",547596,55289,45,65,"UNAVAILABLE",3.5,,10,90,10
"D","01/03/2021","23",582462,53298,130,292,"AVAILABLE",30,,10,49.95,49.95
"D","01/03/2021","23",582462,60188,130,292,"AVAILABLE",30,,0.1,5,5
"D","01/03/2021","23",582462,66602,130,292,"AVAILABLE",30,,10,49.95,49.95
"D","01/03/2021","23",582462,83099,130,292,"AVAILABLE",30,,10,49.95,49.95
"D","01/03/2021","23",591975,12297,145,254,"AVAILABLE",8,,0.05,6.25,0.05
"D","01/03/2021","23",591975,20846,204,268,"AVAILABLE",4,,0.01,9,0.01
"D","01/03/2021","23",591975,24780,145,258,"AVAILABLE",8,,0.05,6,0.05
"D","01/03/2021","23",591975,29587,150,234,"AVAILABLE",8,,0.25,8,0.25
"D","01/03/2021","23",591975,36992,145,262,"AVAILABLE",10,,0.01,6.25,0.01
"D","01/03/2021","23",591975,55408,145,262,"AVAILABLE",10,,0.01,6,0.01
"D","01/03/2021","23",591975,56483,203,253,"AVAILABLE",5,,0.05,6,0.05
"D","01/03/2021","23",591975,64475,200,250,"AVAILABLE",8,,0.05,6,0.05
"D","01/03/2021","23",591975,67172,150,238,"AVAILABLE",8,,0.05,8,0.25
"D","01/03/2021","23",591975,79527,155,248,"AVAILABLE",8,,0.01,5.75,0.25
"D","01/03/2021","23",591975,88727,145,256,"AVAILABLE",8,,0.05,6.5,0.05
"D","01/03/2021","23",591975,93164,150,239,"AVAILABLE",8,,0.01,6.25,0.25
"D","01/03/2021","23",595644,34578,406,579,"AVAILABLE",10,,0,7.53,0
"D","01/03/2021","23",698953,16639,7,33,"AVAILABLE",15,,0,0,0
"D","01/03/2021","23",698953,17045,14,25,"UNAVAILABLE",11,,0,0,0
"D","01/03/2021","23",698953,37939,5,26,"UNAVAILABLE",14.7,,0,0,0
"D","01/03/2021","23",698953,52447,5,29,"UNAVAILABLE",11,,0,0,0
"D","01/03/2021","23",698953,59695,5,16,"AVAILABLE",7.5,,0,0,0
"D","01/03/2021","23",698953,66465,5,32,"AVAILABLE",15,,0,0,0
"D","01/03/2021","23",711583,10002,-1,1,"UNAVAILABLE",2,,0,0,0
"D","01/03/2021","23",711583,10004,-1,1,"AVAILABLE",10,,0,0,0
"D","01/03/2021","23",711583,56432,-2,2,"UNAVAILABLE",2,,0,0,0
"D","01/03/2021","23",711583,80285,-2,2,"UNAVAILABLE",2,,0,0,0
"D","01/03/2021","23",711583,86326,-2,2,"UNAVAILABLE",2,,0,0,0
"D","01/03/2021","23",732232,67022,-1.9,1.9,"AVAILABLE",100,,0,0,0
"D","01/03/2021","23",739738,19882,240,496.6,"UNAVAILABLE",15,,0,0,0
"D","01/03/2021","23",739738,58855,100,150,"UNAVAILABLE",5,,0,5,0
"D","01/03/2021","23",739738,70847,300,380,"AVAILABLE",4,,0,3,0
"D","01/03/2021","23",784897,46049,-1.5,0.5,"UNAVAILABLE",75,,0,0,0
"D","01/03/2021","23",784897,90321,-1.5,1.5,"UNAVAILABLE",250,,0,0,0
"D","01/03/2021","23",872788,21292,218,268,"AVAILABLE",10,,0.5,15,0
"D","01/03/2021","23",872788,37274,110,170,"AVAILABLE",5,,0.5,7,0
"D","01/03/2021","23",872788,72183,110,170,"AVAILABLE",5,,0.3,6,0
"D","01/03/2021","23",872788,76235,218,268,"AVAILABLE",10,,0.5,15,0
"D","01/03/2021","23",872788,92137,110,165,"AVAILABLE",5,,0.6,8,0
"D","01/03/2021","23",878461,54465,145,305,"AVAILABLE",12,,0.3,10,0.3
"D","01/03/2021","23",878461,83798,145,305,"AVAILABLE",12,,0.3,10,0.3
"D","01/03/2021","23",883543,11031,35,45,"UNAVAILABLE",10,,0,0,0
"D","01/03/2021","23",883543,19426,35,45,"UNAVAILABLE",10,,0,0,0
"D","01/03/2021","23",883543,84614,35,45,"UNAVAILABLE",10,,0,0,0
"D","01/03/2021","23",883543,84917,35,45,"UNAVAILABLE",10,,0,0,0
"D","01/03/2021","23",883543,86772,35,45,"UNAVAILABLE",10,,0,0,0
"D","01/03/2021","23",902793,17063,293,313,"AVAILABLE",4,,10,10,0
"D","01/03/2021","23",902793,48591,150,389,"AVAILABLE",3,,0,60,0
"D","01/03/2021","23",902793,63229,100,156,"AVAILABLE",3.5,,0.25,6,0.25
"D","01/03/2021","23",902793,79819,113,171,"AVAILABLE",4,,0.25,9,0.25
"D","01/03/2021","23",931075,64814,130,157,"AVAILABLE",3,,0,15,0
"D","01/03/2021","23",931987,42841,220,295,"AVAILABLE",25,,0.25,0,0
"D","01/03/2021","23",931987,81361,220,295,"UNAVAILABLE",25,,0.25,0,0
"D","01/03/2021","23",958512,60802,150,249,"AVAILABLE",5,,0.75,3,0
"D","01/03/2021","23",958512,77459,389.3,581.6,"AVAILABLE",19,,1.5,5,0
"D","01/03/2021","24",126216,16568,170,300,"AVAILABLE",3,,0,10,0
"D","01/03/2021","24",126216,65939,200,525,"AVAILABLE",3,,0,10,0
"D","01/03/2021","24",126216,86401,180,333,"AVAILABLE",3,,0,10,0
"D","01/03/2021","24",191345,95889,-1.5,1.4,"AVAILABLE",115,,0,0,0
"D","01/03/2021","24",196063,23404,47,57,"AVAILABLE",1,,10,6.5,0
"D","01/03/2021","24",205059,26606,-5,5,"AVAILABLE",375,,0,0,0
"D","01/03/2021","24",206845,29055,285,585,"AVAILABLE",3,,0,30,0
"D","01/03/2021","24",206845,31335,50,100,"AVAILABLE",1,,0,20,0
"D","01/03/2021","24",206845,67677,-14.6,14.1,"AVAILABLE",250,,0,0,0
"D","01/03/2021","24",212494,31662,275,385,"AVAILABLE",5.6,,0.05,6.72,0.05
"D","01/03/2021","24",212494,44171,163,270,"AVAILABLE",4,,0.06,6.82,0.06
"D","01/03/2021","24",212494,52323,207,350,"AVAILABLE",7.1,,0.07,6.7,0.07
"D","01/03/2021","24",212494,55388,171,284,"AVAILABLE",4,,0.07,6.77,0.07
"D","01/03/2021","24",212494,78679,275,376,"AVAILABLE",5.6,,0.06,6.75,0.06
"D","01/03/2021","24",212494,80076,217,360,"UNAVAILABLE",5.2,,0.08,6.8,0.08
"D","01/03/2021","24",292445,12097,44,48.5,"UNAVAILABLE",25,,0,0,100
"D","01/03/2021","24",292445,35696,38,47,"UNAVAILABLE",25,,0,0,80
"D","01/03/2021","24",292445,37352,38,47,"UNAVAILABLE",25,,0,0,80
"D","01/03/2021","24",292445,51737,0.5,47,"UNAVAILABLE",25,,0,0,80
"D","01/03/2021","24",292445,52317,38,47,"UNAVAILABLE",25,,0,0,80
"D","01/03/2021","24",292445,52400,20,22,"UNAVAILABLE",25,,0,0,100
"D","01/03/2021","24",292445,56935,44,48.5,"UNAVAILABLE",25,,0,0,100
"D","01/03/2021","24",292445,93720,8,38,"AVAILABLE",25,,0,0,100
"D","01/03/2021","24",292445,96291,44,48,"UNAVAILABLE",25,,0,0,100
"D","01/03/2021","24",295534,64231,360,567,"AVAILABLE",12,,0.19,3.99,0
"D","01/03/2021","24",328723,41406,311,500,"AVAILABLE",20,,0.19,1,0
"D","01/03/2021","24",328723,45714,145,260,"AVAILABLE",7,,0.19,3.99,0
"D","01/03/2021","24",328723,56535,168,289,"UNAVAILABLE",11,,0.19,1,0
"D","01/03/2021","24",331313,94830,70,80,"AVAILABLE",2,,0,5,0
"D","01/03/2021","24",412080,44623,55,70,"AVAILABLE",5,,0.05,10,0
"D","01/03/2021","24",412080,59383,55,70,"AVAILABLE",5,,0.05,10,0
"D","01/03/2021","24",412080,68657,90,98,"UNAVAILABLE",5,,5,49,0
"D","01/03/2021","24",412080,75042,82,97,"AVAILABLE",5,,0.05,10,0
"D","01/03/2021","24",412080,82179,82,97,"AVAILABLE",5,,0.1,10,0
"D","01/03/2021","24",474440,85953,-1,1,"UNAVAILABLE",10,,0,0,0
"D","01/03/2021","24",504170,11009,540,748,"AVAILABLE",15,,1,5,0
"D","01/03/2021","24",504170,60658,150,550,"AVAILABLE",4,,10,97.69,0
"D","01/03/2021","24",504170,72020,540,748,"AVAILABLE",15,,1,5,0
"D","01/03/2021","24",529988,29235,150,380,"UNAVAILABLE",2.5,,0,99,0
"D","01/03/2021","24",529988,54481,120,200,"UNAVAILABLE",1.5,,0,99,0
"D","01/03/2021","24",529988,54965,50,90,"UNAVAILABLE",1,,0,99,0
"D","01/03/2021","24",529988,96924,45,75,"UNAVAILABLE",1.5,,0,99,0
"D","01/03/2021","24",530232,62643,-20,20,"UNAVAILABLE",100,,0,0,0
"D","01/03/2021","24",547596,55289,45,65,"UNAVAILABLE",3.5,,10,90,10
"D","01/03/2021","24",582462,53298,130,292,"AVAILABLE",30,,10,49.95,49.95
"D","01/03/2021","24",582462,60188,130,292,"AVAILABLE",30,,0.1,5,5
"D","01/03/2021","24",582462,66602,130,292,"AVAILABLE",30,,10,49.95,49.95
"D","01/03/2021","24",582462,83099,130,292,"AVAILABLE",30,,10,49.95,49.95
"D","01/03/2021","24",591975,12297,145,254,"AVAILABLE",8,,0.05,6.25,0.05
"D","01/03/2021","24",591975,20846,204,268,"AVAILABLE",4,,0.01,9,0.01
"D","01/03/2021","24",591975,24780,145,258,"AVAILABLE",8,,0.05,6,0.05
"D","01/03/2021","24",591975,29587,150,234,"AVAILABLE",8,,0.25,8,0.25
"D","01/03/2021","24",591975,36992,145,262,"AVAILABLE",10,,0.01,6.25,0.01
"D","01/03/2021","24",591975,55408,145,262,"AVAILABLE",10,,0.01,6,0.01
"D","01/03/2021","24",591975,56483,203,253,"AVAILABLE",5,,0.05,6,0.05
"D","01/03/2021","24",591975,64475,200,250,"AVAILABLE",8,,0.05,6,0.05
"D","01/03/2021","24",591975,67172,150,238,"AVAILABLE",8,,0.05,8,0.25
"D","01/03/2021","24",591975,79527,155,248,"AVAILABLE",8,,0.01,5.75,0.25
"D","01/03/2021","24",591975,88727,145,256,"AVAILABLE",8,,0.05,6.5,0.05
"D","01/03/2021","24",591975,93164,150,238,"AVAILABLE",8,,0.01,6.25,0.25
"D","01/03/2021","24",595644,34578,406,579,"AVAILABLE",10,,0,7.53,0
"D","01/03/2021","24",698953,16639,7,33,"AVAILABLE",15,,0,0,0
"D","01/03/2021","24",698953,17045,14,25,"UNAVAILABLE",11,,0,0,0
"D","01/03/2021","24",698953,37939,5,26,"UNAVAILABLE",14.7,,0,0,0
"D","01/03/2021","24",698953,52447,5,29,"UNAVAILABLE",11,,0,0,0
"D","01/03/2021","24",698953,59695,5,16,"AVAILABLE",7.5,,0,0,0
"D","01/03/2021","24",698953,66465,5,32,"AVAILABLE",15,,0,0,0
"D","01/03/2021","24",711583,10002,-1,1,"UNAVAILABLE",2,,0,0,0
"D","01/03/2021","24",711583,10004,-1,1,"AVAILABLE",10,,0,0,0
"D","01/03/2021","24",711583,56432,-2,2,"UNAVAILABLE",2,,0,0,0
"D","01/03/2021","24",711583,80285,-2,2,"UNAVAILABLE",2,,0,0,0
"D","01/03/2021","24",711583,86326,-2,2,"UNAVAILABLE",2,,0,0,0
"D","01/03/2021","24",732232,67022,-1.9,1.9,"AVAILABLE",100,,0,0,0
"D","01/03/2021","24",739738,19882,240,496.4,"UNAVAILABLE",15,,0,0,0
"D","01/03/2021","24",739738,58855,100,150,"UNAVAILABLE",5,,0,5,0
"D","01/03/2021","24",739738,70847,300,380,"AVAILABLE",4,,0,3,0
"D","01/03/2021","24",784897,46049,-1.5,0.5,"UNAVAILABLE",75,,0,0,0
"D","01/03/2021","24",784897,90321,-1.5,1.5,"UNAVAILABLE",250,,0,0,0
"D","01/03/2021","24",872788,21292,218,268,"AVAILABLE",10,,0.5,15,0
"D","01/03/2021","24",872788,37274,110,170,"AVAILABLE",5,,0.5,7,0
"D","01/03/2021","24",872788,72183,110,170,"AVAILABLE",5,,0.3,6,0
"D","01/03/2021","24",872788,76235,218,268,"AVAILABLE",10,,0.5,15,0
"D","01/03/2021","24",872788,92137,110,165,"AVAILABLE",5,,0.6,8,0
"D","01/03/2021","24",878461,54465,145,305,"AVAILABLE",12,,0.3,10,0.3
"D","01/03/2021","24",878461,83798,145,305,"AVAILABLE",12,,0.3,10,0.3
"D","01/03/2021","24",883543,11031,35,45,"UNAVAILABLE",10,,0,0,0
"D","01/03/2021","24",883543,19426,35,45,"UNAVAILABLE",10,,0,0,0
"D","01/03/2021","24",883543,84614,35,45,"UNAVAILABLE",10,,0,0,0
"D","01/03/2021","24",883543,84917,35,45,"UNAVAILABLE",10,,0,0,0
"D","01/03/2021","24",883543,86772,35,45,"UNAVAILABLE",10,,0,0,0
"D","01/03/2021","24",902793,17063,293,313,"AVAILABLE",4,,10,10,0
"D","01/03/2021","24",902793,48591,150,389,"AVAILABLE",3,,0,60,0
"D","01/03/2021","24",902793,63229,100,155,"AVAILABLE",3.5,,0.25,6,0.25
"D","01/03/2021","24",902793,79819,113,171,"AVAILABLE",4,,0.25,9,0.25
"D","01/03/2021","24",931075,64814,130,157,"AVAILABLE",3,,0,15,0
"D","01/03/2021","24",931987,42841,220,295,"AVAILABLE",25,,0.25,0,0
"D","01/03/2021","24",931987,81361,220,295,"UNAVAILABLE",25,,0.25,0,0
"D","01/03/2021","24",958512,60802,150,249,"AVAILABLE",5,,0.75,3,0
"D","01/03/2021","24",958512,77459,389.3,581.6,"AVAILABLE",19,,0.25,3,0
"T","2376 lines"